gameId,teamId,teamCity,teamName,teamTricode,teamSlug,minutes,pointsOffTurnovers,pointsSecondChance,pointsFastBreak,pointsPaint,oppPointsOffTurnovers,oppPointsSecondChance,oppPointsFastBreak,oppPointsPaint,blocks,blocksAgainst,foulsPersonal,foulsDrawn
0022300141,1610612759.0,San Antonio,Spurs,SAS,spurs,265:00,22.0,18.0,8.0,58.0,12.0,16.0,7.0,44.0,7.0,6.0,21.0,15.0
0022300141,1610612761.0,Toronto,Raptors,TOR,raptors,265:00,12.0,16.0,7.0,44.0,22.0,18.0,8.0,58.0,6.0,7.0,15.0,21.0
0022300163,1610612745.0,Houston,Rockets,HOU,rockets,240:00,14.0,24.0,20.0,68.0,11.0,3.0,9.0,42.0,3.0,6.0,23.0,18.0
0022300163,1610612747.0,Los Angeles,Lakers,LAL,lakers,240:00,11.0,3.0,9.0,42.0,14.0,24.0,20.0,68.0,6.0,3.0,18.0,23.0
0022300143,1610612742.0,Dallas,Mavericks,DAL,mavericks,240:00,12.0,18.0,15.0,50.0,10.0,14.0,14.0,72.0,6.0,2.0,19.0,25.0
0022300143,1610612766.0,Charlotte,Hornets,CHA,hornets,240:00,10.0,14.0,14.0,72.0,12.0,18.0,15.0,50.0,2.0,6.0,25.0,19.0
0022300006,1610612743.0,Denver,Nuggets,DEN,nuggets,240:00,21.0,20.0,21.0,68.0,25.0,8.0,9.0,40.0,6.0,6.0,17.0,19.0
0022300006,1610612742.0,Dallas,Mavericks,DAL,mavericks,240:00,25.0,8.0,9.0,40.0,21.0,20.0,21.0,68.0,6.0,6.0,19.0,17.0
0022300092,1610612761.0,Toronto,Raptors,TOR,raptors,240:00,10.0,17.0,19.0,34.0,24.0,13.0,15.0,50.0,5.0,7.0,19.0,18.0
0022300092,1610612755.0,Philadelphia,76ers,PHI,sixers,240:00,24.0,13.0,15.0,50.0,10.0,17.0,19.0,34.0,7.0,5.0,18.0,19.0
0022300125,1610612762.0,Utah,Jazz,UTA,jazz,240:00,17.0,9.0,16.0,46.0,24.0,17.0,9.0,40.0,3.0,7.0,22.0,22.0
0022300125,1610612763.0,Memphis,Grizzlies,MEM,grizzlies,240:00,24.0,17.0,9.0,40.0,17.0,9.0,16.0,46.0,7.0,3.0,22.0,22.0
0022300150,1610612748.0,Miami,Heat,MIA,heat,240:00,23.0,13.0,9.0,48.0,25.0,6.0,19.0,64.0,4.0,5.0,14.0,17.0
0022300150,1610612747.0,Los Angeles,Lakers,LAL,lakers,240:00,25.0,6.0,19.0,64.0,23.0,13.0,9.0,48.0,5.0,4.0,17.0,14.0
0022300146,1610612754.0,Indiana,Pacers,IND,pacers,240:00,15.0,20.0,34.0,60.0,16.0,18.0,15.0,56.0,4.0,5.0,24.0,15.0
0022300146,1610612759.0,San Antonio,Spurs,SAS,spurs,240:00,16.0,18.0,15.0,56.0,15.0,20.0,34.0,60.0,5.0,4.0,15.0,24.0
0022300069,1610612761.0,Toronto,Raptors,TOR,raptors,240:00,14.0,14.0,34.0,38.0,11.0,21.0,12.0,44.0,11.0,9.0,18.0,14.0
0022300069,1610612750.0,Minnesota,Timberwolves,MIN,timberwolves,240:00,11.0,21.0,12.0,44.0,14.0,14.0,34.0,38.0,9.0,11.0,14.0,18.0
0022300166,1610612750.0,Minnesota,Timberwolves,MIN,timberwolves,240:00,27.0,8.0,20.0,56.0,13.0,15.0,2.0,48.0,7.0,1.0,23.0,23.0
0022300166,1610612740.0,New Orleans,Pelicans,NOP,pelicans,240:00,13.0,15.0,2.0,48.0,27.0,8.0,20.0,56.0,1.0,7.0,23.0,23.0
0022300101,1610612766.0,Charlotte,Hornets,CHA,hornets,240:00,19.0,13.0,16.0,74.0,13.0,15.0,28.0,64.0,5.0,8.0,23.0,19.0
0022300101,1610612751.0,Brooklyn,Nets,BKN,nets,240:00,13.0,15.0,28.0,64.0,19.0,13.0,16.0,74.0,8.0,5.0,19.0,23.0
0022300169,1610612743.0,Denver,Nuggets,DEN,nuggets,240:00,14.0,8.0,12.0,52.0,8.0,14.0,13.0,42.0,4.0,0.0,20.0,20.0
0022300169,1610612744.0,Golden State,Warriors,GSW,warriors,240:00,8.0,14.0,13.0,42.0,14.0,8.0,12.0,52.0,0.0,4.0,20.0,20.0
0022300182,1610612745.0,Houston,Rockets,HOU,rockets,240:00,7.0,17.0,3.0,42.0,11.0,17.0,3.0,58.0,4.0,5.0,16.0,20.0
0022300182,1610612743.0,Denver,Nuggets,DEN,nuggets,240:00,11.0,17.0,3.0,58.0,7.0,17.0,3.0,42.0,5.0,4.0,20.0,16.0
0022300099,1610612746.0,LA,Clippers,LAC,clippers,240:00,34.0,20.0,18.0,54.0,6.0,8.0,13.0,30.0,5.0,6.0,16.0,23.0
0022300099,1610612759.0,San Antonio,Spurs,SAS,spurs,240:00,6.0,8.0,13.0,30.0,34.0,20.0,18.0,54.0,6.0,5.0,23.0,16.0
0022300145,1610612765.0,Detroit,Pistons,DET,pistons,240:00,14.0,10.0,17.0,32.0,15.0,26.0,14.0,52.0,2.0,4.0,20.0,14.0
0022300145,1610612744.0,Golden State,Warriors,GSW,warriors,240:00,15.0,26.0,14.0,52.0,14.0,10.0,17.0,32.0,4.0,2.0,14.0,20.0
0022300007,1610612757.0,Portland,Trail Blazers,POR,blazers,265:00,28.0,23.0,21.0,50.0,16.0,9.0,26.0,64.0,7.0,10.0,15.0,25.0
0022300007,1610612763.0,Memphis,Grizzlies,MEM,grizzlies,265:00,16.0,9.0,26.0,64.0,28.0,23.0,21.0,50.0,10.0,7.0,25.0,15.0
0022300117,1610612737.0,Atlanta,Hawks,ATL,hawks,240:00,16.0,19.0,19.0,64.0,25.0,5.0,27.0,74.0,3.0,3.0,16.0,25.0
0022300117,1610612764.0,Washington,Wizards,WAS,wizards,240:00,25.0,5.0,27.0,74.0,16.0,19.0,19.0,64.0,3.0,3.0,25.0,16.0
0022300185,1610612756.0,Phoenix,Suns,PHX,suns,240:00,5.0,9.0,6.0,38.0,18.0,3.0,14.0,50.0,7.0,8.0,19.0,21.0
0022300185,1610612760.0,Oklahoma City,Thunder,OKC,thunder,240:00,18.0,3.0,14.0,50.0,5.0,9.0,6.0,38.0,8.0,7.0,21.0,19.0
0022300063,1610612766.0,Charlotte,Hornets,CHA,hornets,240:00,12.0,14.0,17.0,56.0,17.0,14.0,19.0,58.0,3.0,1.0,21.0,19.0
0022300063,1610612737.0,Atlanta,Hawks,ATL,hawks,240:00,17.0,14.0,19.0,58.0,12.0,14.0,17.0,56.0,1.0,3.0,19.0,21.0
0022300170,1610612758.0,Sacramento,Kings,SAC,kings,265:00,23.0,26.0,18.0,58.0,19.0,10.0,9.0,50.0,6.0,5.0,24.0,29.0
0022300170,1610612757.0,Portland,Trail Blazers,POR,blazers,265:00,19.0,10.0,9.0,50.0,23.0,26.0,18.0,58.0,5.0,6.0,29.0,24.0
0022300171,1610612754.0,Indiana,Pacers,IND,pacers,240:00,14.0,18.0,14.0,40.0,20.0,14.0,12.0,60.0,6.0,5.0,25.0,19.0
0022300171,1610612749.0,Milwaukee,Bucks,MIL,bucks,240:00,20.0,14.0,12.0,60.0,14.0,18.0,14.0,40.0,5.0,6.0,19.0,25.0
0022300114,1610612746.0,LA,Clippers,LAC,clippers,240:00,23.0,16.0,17.0,50.0,16.0,11.0,8.0,58.0,4.0,3.0,26.0,24.0
0022300114,1610612753.0,Orlando,Magic,ORL,magic,240:00,16.0,11.0,8.0,58.0,23.0,16.0,17.0,50.0,3.0,4.0,24.0,26.0
0022300186,1610612744.0,Golden State,Warriors,GSW,warriors,240:00,20.0,20.0,12.0,38.0,15.0,10.0,12.0,62.0,0.0,6.0,28.0,19.0
0022300186,1610612750.0,Minnesota,Timberwolves,MIN,timberwolves,240:00,15.0,10.0,12.0,62.0,20.0,20.0,12.0,38.0,6.0,0.0,19.0,28.0
0022300013,1610612759.0,San Antonio,Spurs,SAS,spurs,240:00,21.0,13.0,18.0,42.0,16.0,15.0,6.0,50.0,8.0,4.0,21.0,19.0
0022300013,1610612750.0,Minnesota,Timberwolves,MIN,timberwolves,240:00,16.0,15.0,6.0,50.0,21.0,13.0,18.0,42.0,4.0,8.0,19.0,21.0
0022300095,1610612760.0,Oklahoma City,Thunder,OKC,thunder,240:00,15.0,14.0,11.0,58.0,16.0,10.0,17.0,72.0,4.0,5.0,14.0,21.0
0022300095,1610612743.0,Denver,Nuggets,DEN,nuggets,240:00,16.0,10.0,17.0,72.0,15.0,14.0,11.0,58.0,5.0,4.0,21.0,14.0
0022300161,1610612752.0,New York,Knicks,NYK,knicks,240:00,19.0,22.0,16.0,50.0,6.0,13.0,11.0,58.0,0.0,7.0,14.0,22.0
0022300161,1610612759.0,San Antonio,Spurs,SAS,spurs,240:00,6.0,13.0,11.0,58.0,19.0,22.0,16.0,50.0,7.0,0.0,22.0,14.0
0022300176,1610612744.0,Golden State,Warriors,GSW,warriors,240:00,8.0,20.0,15.0,34.0,32.0,15.0,19.0,50.0,3.0,3.0,29.0,24.0
0022300176,1610612739.0,Cleveland,Cavaliers,CLE,cavaliers,240:00,32.0,15.0,19.0,50.0,8.0,20.0,15.0,34.0,3.0,3.0,24.0,29.0
0022300064,1610612754.0,Indiana,Pacers,IND,pacers,240:00,22.0,11.0,32.0,60.0,14.0,12.0,22.0,68.0,8.0,9.0,23.0,11.0
0022300064,1610612764.0,Washington,Wizards,WAS,wizards,240:00,14.0,12.0,22.0,68.0,22.0,11.0,32.0,60.0,9.0,8.0,11.0,23.0
0022300083,1610612759.0,San Antonio,Spurs,SAS,spurs,265:00,19.0,13.0,12.0,56.0,26.0,13.0,15.0,76.0,4.0,2.0,17.0,26.0
0022300083,1610612745.0,Houston,Rockets,HOU,rockets,265:00,26.0,13.0,15.0,76.0,19.0,13.0,12.0,56.0,2.0,4.0,26.0,17.0
0022300164,1610612763.0,Memphis,Grizzlies,MEM,grizzlies,240:00,22.0,12.0,23.0,48.0,13.0,13.0,13.0,44.0,4.0,8.0,27.0,24.0
0022300164,1610612748.0,Miami,Heat,MIA,heat,240:00,13.0,13.0,13.0,44.0,22.0,12.0,23.0,48.0,8.0,4.0,24.0,27.0
0022300160,1610612751.0,Brooklyn,Nets,BKN,nets,240:00,16.0,18.0,14.0,34.0,15.0,23.0,13.0,48.0,10.0,8.0,14.0,15.0
0022300160,1610612746.0,LA,Clippers,LAC,clippers,240:00,15.0,23.0,13.0,48.0,16.0,18.0,14.0,34.0,8.0,10.0,15.0,14.0
0022300149,1610612751.0,Brooklyn,Nets,BKN,nets,240:00,20.0,12.0,20.0,46.0,15.0,15.0,11.0,48.0,4.0,2.0,16.0,13.0
0022300149,1610612749.0,Milwaukee,Bucks,MIL,bucks,240:00,15.0,15.0,11.0,48.0,20.0,12.0,20.0,46.0,2.0,4.0,13.0,16.0
0022300127,1610612747.0,Los Angeles,Lakers,LAL,lakers,265:00,23.0,9.0,23.0,54.0,13.0,10.0,9.0,56.0,9.0,1.0,24.0,31.0
0022300127,1610612746.0,LA,Clippers,LAC,clippers,265:00,13.0,10.0,9.0,56.0,23.0,9.0,23.0,54.0,1.0,9.0,31.0,24.0
0022300123,1610612750.0,Minnesota,Timberwolves,MIN,timberwolves,240:00,22.0,13.0,16.0,50.0,12.0,11.0,9.0,56.0,5.0,10.0,15.0,22.0
0022300123,1610612743.0,Denver,Nuggets,DEN,nuggets,240:00,12.0,11.0,9.0,56.0,22.0,13.0,16.0,50.0,10.0,5.0,22.0,15.0
0022300124,1610612742.0,Dallas,Mavericks,DAL,mavericks,240:00,9.0,24.0,7.0,24.0,19.0,11.0,14.0,54.0,2.0,3.0,11.0,23.0
0022300124,1610612741.0,Chicago,Bulls,CHI,bulls,240:00,19.0,11.0,14.0,54.0,9.0,24.0,7.0,24.0,3.0,2.0,23.0,11.0
0022300184,1610612759.0,San Antonio,Spurs,SAS,spurs,240:00,15.0,18.0,17.0,38.0,33.0,13.0,9.0,42.0,6.0,3.0,21.0,12.0
0022300184,1610612748.0,Miami,Heat,MIA,heat,240:00,33.0,13.0,9.0,42.0,15.0,18.0,17.0,38.0,3.0,6.0,12.0,21.0
0022300014,1610612742.0,Dallas,Mavericks,DAL,mavericks,240:00,20.0,19.0,15.0,50.0,13.0,20.0,15.0,62.0,1.0,2.0,23.0,27.0
0022300014,1610612746.0,LA,Clippers,LAC,clippers,240:00,13.0,20.0,15.0,62.0,20.0,19.0,15.0,50.0,2.0,1.0,27.0,23.0
0022300173,1610612753.0,Orlando,Magic,ORL,magic,240:00,20.0,22.0,9.0,40.0,7.0,4.0,15.0,50.0,1.0,6.0,17.0,24.0
0022300173,1610612749.0,Milwaukee,Bucks,MIL,bucks,240:00,7.0,4.0,15.0,50.0,20.0,22.0,9.0,40.0,6.0,1.0,24.0,17.0
0022300159,1610612755.0,Philadelphia,76ers,PHI,sixers,240:00,14.0,19.0,21.0,56.0,20.0,12.0,19.0,40.0,7.0,6.0,16.0,13.0
0022300159,1610612738.0,Boston,Celtics,BOS,celtics,240:00,20.0,12.0,19.0,40.0,14.0,19.0,21.0,56.0,6.0,7.0,13.0,16.0
0022300142,1610612739.0,Cleveland,Cavaliers,CLE,cavaliers,240:00,11.0,18.0,26.0,58.0,19.0,17.0,10.0,24.0,2.0,4.0,21.0,18.0
0022300142,1610612744.0,Golden State,Warriors,GSW,warriors,240:00,19.0,17.0,10.0,24.0,11.0,18.0,26.0,58.0,4.0,2.0,18.0,21.0
0022300072,1610612762.0,Utah,Jazz,UTA,jazz,240:00,14.0,15.0,15.0,64.0,9.0,14.0,10.0,48.0,2.0,8.0,20.0,25.0
0022300072,1610612758.0,Sacramento,Kings,SAC,kings,240:00,9.0,14.0,10.0,48.0,14.0,15.0,15.0,64.0,8.0,2.0,25.0,20.0
0022300010,1610612738.0,Boston,Celtics,BOS,celtics,240:00,18.0,29.0,12.0,32.0,2.0,5.0,13.0,32.0,3.0,3.0,13.0,25.0
0022300010,1610612751.0,Brooklyn,Nets,BKN,nets,240:00,2.0,5.0,13.0,32.0,18.0,29.0,12.0,32.0,3.0,3.0,25.0,13.0
0022300003,1610612748.0,Miami,Heat,MIA,heat,240:00,17.0,13.0,9.0,58.0,27.0,5.0,22.0,64.0,1.0,4.0,18.0,18.0
0022300003,1610612764.0,Washington,Wizards,WAS,wizards,240:00,27.0,5.0,22.0,64.0,17.0,13.0,9.0,58.0,4.0,1.0,18.0,18.0
0022300167,1610612760.0,Oklahoma City,Thunder,OKC,thunder,240:00,30.0,18.0,10.0,60.0,19.0,17.0,10.0,64.0,8.0,5.0,27.0,24.0
0022300167,1610612739.0,Cleveland,Cavaliers,CLE,cavaliers,240:00,19.0,17.0,10.0,64.0,30.0,18.0,10.0,60.0,5.0,8.0,24.0,27.0
0022300177,1610612752.0,New York,Knicks,NYK,knicks,240:00,20.0,13.0,22.0,62.0,10.0,19.0,8.0,56.0,4.0,4.0,18.0,25.0
0022300177,1610612766.0,Charlotte,Hornets,CHA,hornets,240:00,10.0,19.0,8.0,56.0,20.0,13.0,22.0,62.0,4.0,4.0,25.0,18.0
0022300068,1610612748.0,Miami,Heat,MIA,heat,240:00,25.0,19.0,12.0,48.0,9.0,17.0,16.0,40.0,3.0,13.0,18.0,23.0
0022300068,1610612765.0,Detroit,Pistons,DET,pistons,240:00,9.0,17.0,16.0,40.0,25.0,19.0,12.0,48.0,13.0,3.0,23.0,18.0
0022300110,1610612743.0,Denver,Nuggets,DEN,nuggets,240:00,18.0,10.0,13.0,68.0,16.0,19.0,13.0,62.0,8.0,2.0,14.0,21.0
0022300110,1610612762.0,Utah,Jazz,UTA,jazz,240:00,16.0,19.0,13.0,62.0,18.0,10.0,13.0,68.0,2.0,8.0,21.0,14.0
0022300175,1610612737.0,Atlanta,Hawks,ATL,hawks,240:00,15.0,11.0,11.0,36.0,23.0,14.0,8.0,48.0,6.0,4.0,19.0,14.0
0022300175,1610612748.0,Miami,Heat,MIA,heat,240:00,23.0,14.0,8.0,48.0,15.0,11.0,11.0,36.0,4.0,6.0,14.0,19.0
0022300062,1610612744.0,Golden State,Warriors,GSW,warriors,240:00,22.0,20.0,11.0,44.0,9.0,27.0,13.0,48.0,6.0,7.0,23.0,22.0
0022300062,1610612756.0,Phoenix,Suns,PHX,suns,240:00,9.0,27.0,13.0,48.0,22.0,20.0,11.0,44.0,7.0,6.0,22.0,23.0
0022300073,1610612759.0,San Antonio,Spurs,SAS,spurs,240:00,16.0,13.0,19.0,46.0,18.0,19.0,19.0,56.0,5.0,3.0,23.0,20.0
0022300073,1610612742.0,Dallas,Mavericks,DAL,mavericks,240:00,18.0,19.0,19.0,56.0,16.0,13.0,19.0,46.0,3.0,5.0,20.0,23.0
0022300086,1610612757.0,Portland,Trail Blazers,POR,blazers,240:00,15.0,22.0,7.0,38.0,18.0,14.0,13.0,50.0,1.0,5.0,24.0,16.0
0022300086,1610612753.0,Orlando,Magic,ORL,magic,240:00,18.0,14.0,13.0,50.0,15.0,22.0,7.0,38.0,5.0,1.0,16.0,24.0
0022300180,1610612755.0,Philadelphia,76ers,PHI,sixers,240:00,18.0,30.0,16.0,70.0,17.0,10.0,5.0,58.0,7.0,9.0,15.0,14.0
0022300180,1610612754.0,Indiana,Pacers,IND,pacers,240:00,17.0,10.0,5.0,58.0,18.0,30.0,16.0,70.0,9.0,7.0,14.0,15.0
0022300090,1610612740.0,New Orleans,Pelicans,NOP,pelicans,240:00,21.0,7.0,25.0,52.0,14.0,19.0,21.0,50.0,5.0,3.0,22.0,17.0
0022300090,1610612752.0,New York,Knicks,NYK,knicks,240:00,14.0,19.0,21.0,50.0,21.0,7.0,25.0,52.0,3.0,5.0,17.0,22.0
0022300138,1610612750.0,Minnesota,Timberwolves,MIN,timberwolves,240:00,23.0,6.0,26.0,54.0,6.0,24.0,13.0,38.0,11.0,7.0,23.0,20.0
0022300138,1610612762.0,Utah,Jazz,UTA,jazz,240:00,6.0,24.0,13.0,38.0,23.0,6.0,26.0,54.0,7.0,11.0,20.0,23.0
0022300093,1610612750.0,Minnesota,Timberwolves,MIN,timberwolves,240:00,22.0,11.0,12.0,58.0,15.0,9.0,22.0,38.0,3.0,1.0,17.0,12.0
0022300093,1610612748.0,Miami,Heat,MIA,heat,240:00,15.0,9.0,22.0,38.0,22.0,11.0,12.0,58.0,1.0,3.0,12.0,17.0
0022300113,1610612756.0,Phoenix,Suns,PHX,suns,240:00,15.0,16.0,7.0,40.0,16.0,17.0,7.0,56.0,7.0,9.0,18.0,17.0
0022300113,1610612759.0,San Antonio,Spurs,SAS,spurs,240:00,16.0,17.0,7.0,56.0,15.0,16.0,7.0,40.0,9.0,7.0,17.0,18.0
0022300105,1610612761.0,Toronto,Raptors,TOR,raptors,240:00,19.0,12.0,22.0,60.0,19.0,21.0,22.0,50.0,4.0,7.0,17.0,19.0
0022300105,1610612757.0,Portland,Trail Blazers,POR,blazers,240:00,19.0,21.0,22.0,50.0,19.0,12.0,22.0,60.0,7.0,4.0,19.0,17.0
0022300106,1610612763.0,Memphis,Grizzlies,MEM,grizzlies,240:00,16.0,14.0,14.0,52.0,11.0,12.0,13.0,34.0,4.0,7.0,22.0,17.0
0022300106,1610612742.0,Dallas,Mavericks,DAL,mavericks,240:00,11.0,12.0,13.0,34.0,16.0,14.0,14.0,52.0,7.0,4.0,17.0,22.0
0022300134,1610612753.0,Orlando,Magic,ORL,magic,240:00,22.0,36.0,15.0,60.0,14.0,15.0,5.0,52.0,9.0,10.0,18.0,21.0
0022300134,1610612747.0,Los Angeles,Lakers,LAL,lakers,240:00,14.0,15.0,5.0,52.0,22.0,36.0,15.0,60.0,10.0,9.0,21.0,18.0
0022300011,1610612745.0,Houston,Rockets,HOU,rockets,240:00,27.0,16.0,9.0,44.0,4.0,14.0,6.0,40.0,5.0,6.0,22.0,26.0
0022300011,1610612740.0,New Orleans,Pelicans,NOP,pelicans,240:00,4.0,14.0,6.0,40.0,27.0,16.0,9.0,44.0,6.0,5.0,26.0,22.0
0022300158,1610612754.0,Indiana,Pacers,IND,pacers,240:00,28.0,26.0,23.0,74.0,15.0,22.0,20.0,66.0,7.0,5.0,15.0,17.0
0022300158,1610612762.0,Utah,Jazz,UTA,jazz,240:00,15.0,22.0,20.0,66.0,28.0,26.0,23.0,74.0,5.0,7.0,17.0,15.0
0022300174,1610612738.0,Boston,Celtics,BOS,celtics,240:00,10.0,8.0,9.0,60.0,14.0,6.0,12.0,42.0,4.0,1.0,14.0,14.0
0022300174,1610612761.0,Toronto,Raptors,TOR,raptors,240:00,14.0,6.0,12.0,42.0,10.0,8.0,9.0,60.0,1.0,4.0,14.0,14.0
0022300102,1610612754.0,Indiana,Pacers,IND,pacers,240:00,21.0,15.0,17.0,44.0,14.0,18.0,10.0,54.0,5.0,6.0,24.0,17.0
0022300102,1610612741.0,Chicago,Bulls,CHI,bulls,240:00,14.0,18.0,10.0,54.0,21.0,15.0,17.0,44.0,6.0,5.0,17.0,24.0
0022300136,1610612751.0,Brooklyn,Nets,BKN,nets,240:00,16.0,9.0,7.0,38.0,8.0,19.0,16.0,52.0,5.0,6.0,21.0,17.0
0022300136,1610612738.0,Boston,Celtics,BOS,celtics,240:00,8.0,19.0,16.0,52.0,16.0,9.0,7.0,38.0,6.0,5.0,17.0,21.0
0022300078,1610612763.0,Memphis,Grizzlies,MEM,grizzlies,240:00,23.0,8.0,22.0,44.0,26.0,15.0,9.0,46.0,7.0,9.0,23.0,18.0
0022300078,1610612743.0,Denver,Nuggets,DEN,nuggets,240:00,26.0,15.0,9.0,46.0,23.0,8.0,22.0,44.0,9.0,7.0,18.0,23.0
0022300121,1610612760.0,Oklahoma City,Thunder,OKC,thunder,240:00,11.0,8.0,9.0,54.0,23.0,27.0,12.0,52.0,5.0,5.0,24.0,20.0
0022300121,1610612740.0,New Orleans,Pelicans,NOP,pelicans,240:00,23.0,27.0,12.0,52.0,11.0,8.0,9.0,54.0,5.0,5.0,20.0,24.0
0022300178,1610612751.0,Brooklyn,Nets,BKN,nets,240:00,13.0,21.0,11.0,38.0,28.0,7.0,21.0,40.0,6.0,3.0,18.0,15.0
0022300178,1610612764.0,Washington,Wizards,WAS,wizards,240:00,28.0,7.0,21.0,40.0,13.0,21.0,11.0,38.0,3.0,6.0,15.0,18.0
0022300108,1610612740.0,New Orleans,Pelicans,NOP,pelicans,240:00,14.0,11.0,22.0,44.0,12.0,25.0,6.0,54.0,3.0,7.0,18.0,21.0
0022300108,1610612744.0,Golden State,Warriors,GSW,warriors,240:00,12.0,25.0,6.0,54.0,14.0,11.0,22.0,44.0,7.0,3.0,21.0,18.0
0022300111,1610612747.0,Los Angeles,Lakers,LAL,lakers,240:00,14.0,4.0,7.0,54.0,20.0,20.0,11.0,44.0,10.0,3.0,17.0,22.0
0022300111,1610612753.0,Orlando,Magic,ORL,magic,240:00,20.0,20.0,11.0,44.0,14.0,4.0,7.0,54.0,3.0,10.0,22.0,17.0
0022300140,1610612765.0,Detroit,Pistons,DET,pistons,240:00,18.0,8.0,8.0,64.0,26.0,15.0,10.0,64.0,6.0,10.0,23.0,13.0
0022300140,1610612756.0,Phoenix,Suns,PHX,suns,240:00,26.0,15.0,10.0,64.0,18.0,8.0,8.0,64.0,10.0,6.0,13.0,23.0
0022300128,1610612755.0,Philadelphia,76ers,PHI,sixers,240:00,23.0,18.0,27.0,66.0,20.0,9.0,20.0,50.0,3.0,3.0,19.0,20.0
0022300128,1610612761.0,Toronto,Raptors,TOR,raptors,240:00,20.0,9.0,20.0,50.0,23.0,18.0,27.0,66.0,3.0,3.0,20.0,19.0
0022300091,1610612739.0,Cleveland,Cavaliers,CLE,cavaliers,240:00,7.0,20.0,9.0,58.0,12.0,15.0,15.0,62.0,6.0,4.0,16.0,20.0
0022300091,1610612754.0,Indiana,Pacers,IND,pacers,240:00,12.0,15.0,15.0,62.0,7.0,20.0,9.0,58.0,4.0,6.0,20.0,16.0
0022300120,1610612752.0,New York,Knicks,NYK,knicks,240:00,20.0,16.0,8.0,42.0,16.0,6.0,14.0,36.0,3.0,5.0,16.0,27.0
0022300120,1610612739.0,Cleveland,Cavaliers,CLE,cavaliers,240:00,16.0,6.0,14.0,36.0,20.0,16.0,8.0,42.0,5.0,3.0,27.0,16.0
0022300112,1610612739.0,Cleveland,Cavaliers,CLE,cavaliers,240:00,18.0,7.0,19.0,42.0,28.0,20.0,17.0,40.0,6.0,1.0,19.0,17.0
0022300112,1610612752.0,New York,Knicks,NYK,knicks,240:00,28.0,20.0,17.0,40.0,18.0,7.0,19.0,42.0,1.0,6.0,17.0,19.0
0022300179,1610612746.0,LA,Clippers,LAC,clippers,,0.0,0.0,0.0,0.0,0.0,0.0,0.0,0.0,0.0,0.0,0.0,0.0
0022300179,1610612763.0,Memphis,Grizzlies,MEM,grizzlies,,0.0,0.0,0.0,0.0,0.0,0.0,0.0,0.0,0.0,0.0,0.0,0.0
0022300065,1610612752.0,New York,Knicks,NYK,knicks,240:00,11.0,20.0,7.0,24.0,14.0,4.0,18.0,42.0,0.0,11.0,22.0,22.0
0022300065,1610612738.0,Boston,Celtics,BOS,celtics,240:00,14.0,4.0,18.0,42.0,11.0,20.0,7.0,24.0,11.0,0.0,22.0,22.0
0022300119,1610612748.0,Miami,Heat,MIA,heat,240:00,20.0,16.0,13.0,44.0,25.0,9.0,24.0,40.0,5.0,4.0,20.0,18.0
0022300119,1610612751.0,Brooklyn,Nets,BKN,nets,240:00,25.0,9.0,24.0,40.0,20.0,16.0,13.0,44.0,4.0,5.0,18.0,20.0
0022300103,1610612764.0,Washington,Wizards,WAS,wizards,240:00,30.0,11.0,20.0,48.0,23.0,17.0,16.0,52.0,4.0,6.0,13.0,21.0
0022300103,1610612738.0,Boston,Celtics,BOS,celtics,240:00,23.0,17.0,16.0,52.0,30.0,11.0,20.0,48.0,6.0,4.0,21.0,13.0
0022300187,1610612747.0,Los Angeles,Lakers,LAL,lakers,240:00,10.0,10.0,15.0,68.0,16.0,11.0,24.0,48.0,4.0,8.0,11.0,25.0
0022300187,1610612757.0,Portland,Trail Blazers,POR,blazers,240:00,16.0,11.0,24.0,48.0,10.0,10.0,15.0,68.0,8.0,4.0,25.0,11.0
0022300116,1610612761.0,Toronto,Raptors,TOR,raptors,240:00,10.0,21.0,26.0,66.0,17.0,13.0,5.0,40.0,6.0,2.0,25.0,17.0
0022300116,1610612749.0,Milwaukee,Bucks,MIL,bucks,240:00,17.0,13.0,5.0,40.0,10.0,21.0,26.0,66.0,2.0,6.0,17.0,25.0
0022300081,1610612739.0,Cleveland,Cavaliers,CLE,cavaliers,240:00,18.0,9.0,17.0,48.0,15.0,8.0,17.0,38.0,8.0,10.0,16.0,17.0
0022300081,1610612760.0,Oklahoma City,Thunder,OKC,thunder,240:00,15.0,8.0,17.0,38.0,18.0,9.0,17.0,48.0,10.0,8.0,17.0,16.0
0022300104,1610612737.0,Atlanta,Hawks,ATL,hawks,240:00,21.0,7.0,19.0,50.0,9.0,8.0,17.0,48.0,7.0,5.0,12.0,17.0
0022300104,1610612750.0,Minnesota,Timberwolves,MIN,timberwolves,240:00,9.0,8.0,17.0,48.0,21.0,7.0,19.0,50.0,5.0,7.0,17.0,12.0
0022300075,1610612749.0,Milwaukee,Bucks,MIL,bucks,240:00,17.0,12.0,18.0,48.0,16.0,3.0,20.0,46.0,4.0,4.0,23.0,28.0
0022300075,1610612755.0,Philadelphia,76ers,PHI,sixers,240:00,16.0,3.0,20.0,46.0,17.0,12.0,18.0,48.0,4.0,4.0,28.0,23.0
0022300137,1610612745.0,Houston,Rockets,HOU,rockets,240:00,13.0,10.0,6.0,54.0,10.0,11.0,2.0,42.0,3.0,6.0,18.0,19.0
0022300137,1610612758.0,Sacramento,Kings,SAC,kings,240:00,10.0,11.0,2.0,42.0,13.0,10.0,6.0,54.0,6.0,3.0,19.0,18.0
0022300061,1610612743.0,Denver,Nuggets,DEN,nuggets,240:00,20.0,17.0,20.0,52.0,18.0,4.0,20.0,58.0,6.0,4.0,15.0,18.0
0022300061,1610612747.0,Los Angeles,Lakers,LAL,lakers,240:00,18.0,4.0,20.0,58.0,20.0,17.0,20.0,52.0,4.0,6.0,18.0,15.0
0022300183,1610612740.0,New Orleans,Pelicans,NOP,pelicans,240:00,6.0,11.0,13.0,48.0,22.0,9.0,30.0,54.0,3.0,6.0,20.0,19.0
0022300183,1610612742.0,Dallas,Mavericks,DAL,mavericks,240:00,22.0,9.0,30.0,54.0,6.0,11.0,13.0,48.0,6.0,3.0,19.0,20.0
0022300071,1610612763.0,Memphis,Grizzlies,MEM,grizzlies,240:00,28.0,23.0,2.0,50.0,23.0,25.0,7.0,46.0,7.0,5.0,19.0,21.0
0022300071,1610612740.0,New Orleans,Pelicans,NOP,pelicans,240:00,23.0,25.0,7.0,46.0,28.0,23.0,2.0,50.0,5.0,7.0,21.0,19.0
0022300084,1610612742.0,Dallas,Mavericks,DAL,mavericks,240:00,16.0,11.0,10.0,50.0,13.0,9.0,20.0,42.0,2.0,4.0,15.0,28.0
0022300084,1610612751.0,Brooklyn,Nets,BKN,nets,240:00,13.0,9.0,20.0,42.0,16.0,11.0,10.0,50.0,4.0,2.0,28.0,15.0
0022300085,1610612762.0,Utah,Jazz,UTA,jazz,240:00,15.0,33.0,18.0,46.0,16.0,8.0,5.0,48.0,4.0,6.0,24.0,22.0
0022300085,1610612746.0,LA,Clippers,LAC,clippers,240:00,16.0,8.0,5.0,48.0,15.0,33.0,18.0,46.0,6.0,4.0,22.0,24.0
0022300001,1610612754.0,Indiana,Pacers,IND,pacers,240:00,15.0,20.0,17.0,52.0,26.0,6.0,24.0,62.0,5.0,9.0,18.0,20.0
0022300001,1610612739.0,Cleveland,Cavaliers,CLE,cavaliers,240:00,26.0,6.0,24.0,62.0,15.0,20.0,17.0,52.0,9.0,5.0,20.0,18.0
0022300094,1610612756.0,Phoenix,Suns,PHX,suns,240:00,27.0,7.0,23.0,64.0,11.0,15.0,6.0,50.0,7.0,5.0,19.0,20.0
0022300094,1610612762.0,Utah,Jazz,UTA,jazz,240:00,11.0,15.0,6.0,50.0,27.0,7.0,23.0,64.0,5.0,7.0,20.0,19.0
0022300133,1610612754.0,Indiana,Pacers,IND,pacers,240:00,16.0,16.0,9.0,40.0,20.0,17.0,12.0,74.0,5.0,10.0,18.0,20.0
0022300133,1610612766.0,Charlotte,Hornets,CHA,hornets,240:00,20.0,17.0,12.0,74.0,16.0,16.0,9.0,40.0,10.0,5.0,20.0,18.0
0022300107,1610612749.0,Milwaukee,Bucks,MIL,bucks,240:00,18.0,10.0,9.0,56.0,18.0,0.0,15.0,42.0,5.0,2.0,23.0,20.0
0022300107,1610612748.0,Miami,Heat,MIA,heat,240:00,18.0,0.0,15.0,42.0,18.0,10.0,9.0,56.0,2.0,5.0,20.0,23.0
0022300079,1610612737.0,Atlanta,Hawks,ATL,hawks,240:00,20.0,14.0,17.0,54.0,24.0,12.0,16.0,40.0,6.0,6.0,20.0,21.0
0022300079,1610612752.0,New York,Knicks,NYK,knicks,240:00,24.0,12.0,16.0,40.0,20.0,14.0,17.0,54.0,6.0,6.0,21.0,20.0
0022300151,1610612752.0,New York,Knicks,NYK,knicks,240:00,35.0,16.0,28.0,56.0,21.0,13.0,6.0,38.0,1.0,3.0,13.0,15.0
0022300151,1610612746.0,LA,Clippers,LAC,clippers,240:00,21.0,13.0,6.0,38.0,35.0,16.0,28.0,56.0,3.0,1.0,15.0,13.0
0022300156,1610612743.0,Denver,Nuggets,DEN,nuggets,240:00,22.0,18.0,16.0,64.0,13.0,10.0,13.0,46.0,5.0,2.0,16.0,18.0
0022300156,1610612740.0,New Orleans,Pelicans,NOP,pelicans,240:00,13.0,10.0,13.0,46.0,22.0,18.0,16.0,64.0,2.0,5.0,18.0,16.0
0022300088,1610612765.0,Detroit,Pistons,DET,pistons,240:00,10.0,20.0,11.0,60.0,17.0,10.0,8.0,36.0,4.0,5.0,18.0,20.0
0022300088,1610612741.0,Chicago,Bulls,CHI,bulls,240:00,17.0,10.0,8.0,36.0,10.0,20.0,11.0,60.0,5.0,4.0,20.0,18.0
0022300172,1610612753.0,Orlando,Magic,ORL,magic,240:00,27.0,13.0,21.0,58.0,25.0,13.0,23.0,50.0,6.0,7.0,24.0,25.0
0022300172,1610612737.0,Atlanta,Hawks,ATL,hawks,240:00,25.0,13.0,23.0,50.0,27.0,13.0,21.0,58.0,7.0,6.0,25.0,24.0
0022300096,1610612745.0,Houston,Rockets,HOU,rockets,240:00,14.0,5.0,12.0,46.0,13.0,19.0,11.0,24.0,4.0,6.0,20.0,18.0
0022300096,1610612744.0,Golden State,Warriors,GSW,warriors,240:00,13.0,19.0,11.0,24.0,14.0,5.0,12.0,46.0,6.0,4.0,18.0,20.0
0022300100,1610612758.0,Sacramento,Kings,SAC,kings,265:00,10.0,20.0,7.0,56.0,15.0,16.0,22.0,44.0,7.0,4.0,28.0,22.0
0022300100,1610612747.0,Los Angeles,Lakers,LAL,lakers,265:00,15.0,16.0,22.0,44.0,10.0,20.0,7.0,56.0,4.0,7.0,22.0,28.0
0022300148,1610612755.0,Philadelphia,76ers,PHI,sixers,240:00,18.0,5.0,24.0,62.0,18.0,18.0,21.0,60.0,7.0,10.0,15.0,26.0
0022300148,1610612764.0,Washington,Wizards,WAS,wizards,240:00,18.0,18.0,21.0,60.0,18.0,5.0,24.0,62.0,10.0,7.0,26.0,15.0
0022300015,1610612756.0,Phoenix,Suns,PHX,suns,240:00,9.0,21.0,18.0,52.0,15.0,10.0,20.0,52.0,1.0,7.0,24.0,20.0
0022300015,1610612747.0,Los Angeles,Lakers,LAL,lakers,240:00,15.0,10.0,20.0,52.0,9.0,21.0,18.0,52.0,7.0,1.0,20.0,24.0
0022300077,1610612766.0,Charlotte,Hornets,CHA,hornets,240:00,26.0,7.0,19.0,48.0,25.0,19.0,14.0,54.0,7.0,6.0,23.0,29.0
0022300077,1610612765.0,Detroit,Pistons,DET,pistons,240:00,25.0,19.0,14.0,54.0,26.0,7.0,19.0,48.0,6.0,7.0,29.0,23.0
0022300005,1610612760.0,Oklahoma City,Thunder,OKC,thunder,240:00,18.0,14.0,7.0,62.0,30.0,23.0,12.0,48.0,1.0,2.0,20.0,25.0
0022300005,1610612744.0,Golden State,Warriors,GSW,warriors,240:00,30.0,23.0,12.0,48.0,18.0,14.0,7.0,62.0,2.0,1.0,25.0,20.0
0022300008,1610612765.0,Detroit,Pistons,DET,pistons,240:00,5.0,9.0,16.0,48.0,27.0,13.0,16.0,48.0,5.0,5.0,26.0,23.0
0022300008,1610612755.0,Philadelphia,76ers,PHI,sixers,240:00,27.0,13.0,16.0,48.0,5.0,9.0,16.0,48.0,5.0,5.0,23.0,26.0
0022300168,1610612742.0,Dallas,Mavericks,DAL,mavericks,240:00,9.0,12.0,6.0,40.0,14.0,15.0,15.0,72.0,6.0,4.0,21.0,25.0
0022300168,1610612761.0,Toronto,Raptors,TOR,raptors,240:00,14.0,15.0,15.0,72.0,9.0,12.0,6.0,40.0,4.0,6.0,25.0,21.0
0022300130,1610612762.0,Utah,Jazz,UTA,jazz,240:00,20.0,12.0,12.0,56.0,20.0,13.0,18.0,56.0,7.0,9.0,27.0,25.0
0022300130,1610612753.0,Orlando,Magic,ORL,magic,240:00,20.0,13.0,18.0,56.0,20.0,12.0,12.0,56.0,9.0,7.0,25.0,27.0
0022300147,1610612753.0,Orlando,Magic,ORL,magic,240:00,21.0,16.0,9.0,52.0,23.0,14.0,18.0,38.0,4.0,6.0,24.0,20.0
0022300147,1610612742.0,Dallas,Mavericks,DAL,mavericks,240:00,23.0,14.0,18.0,38.0,21.0,16.0,9.0,52.0,6.0,4.0,20.0,24.0
0022300066,1610612753.0,Orlando,Magic,ORL,magic,240:00,23.0,19.0,5.0,54.0,14.0,10.0,11.0,32.0,6.0,3.0,20.0,24.0
0022300066,1610612745.0,Houston,Rockets,HOU,rockets,240:00,14.0,10.0,11.0,32.0,23.0,19.0,5.0,54.0,3.0,6.0,24.0,20.0
0022300155,1610612760.0,Oklahoma City,Thunder,OKC,thunder,240:00,14.0,13.0,32.0,56.0,11.0,19.0,21.0,48.0,7.0,3.0,22.0,16.0
0022300155,1610612737.0,Atlanta,Hawks,ATL,hawks,240:00,11.0,19.0,21.0,48.0,14.0,13.0,32.0,56.0,3.0,7.0,16.0,22.0
0022300009,1610612764.0,Washington,Wizards,WAS,wizards,240:00,12.0,7.0,11.0,54.0,22.0,32.0,15.0,74.0,6.0,4.0,23.0,19.0
0022300009,1610612766.0,Charlotte,Hornets,CHA,hornets,240:00,22.0,32.0,15.0,74.0,12.0,7.0,11.0,54.0,4.0,6.0,19.0,23.0
0022300097,1610612749.0,Milwaukee,Bucks,MIL,bucks,240:00,22.0,17.0,7.0,44.0,22.0,18.0,25.0,50.0,3.0,2.0,22.0,17.0
0022300097,1610612737.0,Atlanta,Hawks,ATL,hawks,240:00,22.0,18.0,25.0,50.0,22.0,17.0,7.0,44.0,2.0,3.0,17.0,22.0
0022300152,1610612741.0,Chicago,Bulls,CHI,bulls,240:00,30.0,16.0,12.0,48.0,1.0,16.0,17.0,46.0,3.0,7.0,18.0,20.0
0022300152,1610612762.0,Utah,Jazz,UTA,jazz,240:00,1.0,16.0,17.0,46.0,30.0,16.0,12.0,48.0,7.0,3.0,20.0,18.0
0022300118,1610612738.0,Boston,Celtics,BOS,celtics,240:00,13.0,15.0,19.0,52.0,12.0,8.0,14.0,70.0,2.0,6.0,19.0,20.0
0022300118,1610612754.0,Indiana,Pacers,IND,pacers,240:00,12.0,8.0,14.0,70.0,13.0,15.0,19.0,52.0,6.0,2.0,20.0,19.0
0022300004,1610612741.0,Chicago,Bulls,CHI,bulls,240:00,16.0,4.0,8.0,44.0,18.0,7.0,21.0,46.0,4.0,4.0,13.0,12.0
0022300004,1610612751.0,Brooklyn,Nets,BKN,nets,240:00,18.0,7.0,21.0,46.0,16.0,4.0,8.0,44.0,4.0,4.0,12.0,13.0
0022300126,1610612744.0,Golden State,Warriors,GSW,warriors,240:00,20.0,10.0,7.0,46.0,18.0,12.0,10.0,38.0,6.0,4.0,17.0,17.0
0022300126,1610612758.0,Sacramento,Kings,SAC,kings,240:00,18.0,12.0,10.0,38.0,20.0,10.0,7.0,46.0,4.0,6.0,17.0,17.0
0022300135,1610612740.0,New Orleans,Pelicans,NOP,pelicans,240:00,13.0,14.0,17.0,58.0,19.0,24.0,14.0,56.0,7.0,6.0,15.0,16.0
0022300135,1610612737.0,Atlanta,Hawks,ATL,hawks,240:00,19.0,24.0,14.0,56.0,13.0,14.0,17.0,58.0,6.0,7.0,16.0,15.0
0022300087,1610612758.0,Sacramento,Kings,SAC,kings,240:00,18.0,8.0,5.0,54.0,26.0,9.0,11.0,44.0,3.0,3.0,16.0,24.0
0022300087,1610612744.0,Golden State,Warriors,GSW,warriors,240:00,26.0,9.0,11.0,44.0,18.0,8.0,5.0,54.0,3.0,3.0,24.0,16.0
0022300082,1610612741.0,Chicago,Bulls,CHI,bulls,265:00,23.0,24.0,14.0,50.0,16.0,10.0,12.0,48.0,5.0,2.0,22.0,29.0
0022300082,1610612761.0,Toronto,Raptors,TOR,raptors,265:00,16.0,10.0,12.0,48.0,23.0,24.0,14.0,50.0,2.0,5.0,29.0,22.0
0022300139,1610612743.0,Denver,Nuggets,DEN,nuggets,240:00,18.0,12.0,15.0,48.0,22.0,14.0,16.0,46.0,4.0,3.0,18.0,19.0
0022300139,1610612741.0,Chicago,Bulls,CHI,bulls,240:00,22.0,14.0,16.0,46.0,18.0,12.0,15.0,48.0,3.0,4.0,19.0,18.0
0022300131,1610612756.0,Phoenix,Suns,PHX,suns,240:00,7.0,12.0,9.0,44.0,17.0,9.0,18.0,58.0,4.0,5.0,15.0,21.0
0022300131,1610612759.0,San Antonio,Spurs,SAS,spurs,240:00,17.0,9.0,18.0,58.0,7.0,12.0,9.0,44.0,5.0,4.0,21.0,15.0
0022300076,1610612747.0,Los Angeles,Lakers,LAL,lakers,240:00,29.0,6.0,16.0,60.0,22.0,14.0,6.0,36.0,7.0,3.0,23.0,21.0
0022300076,1610612756.0,Phoenix,Suns,PHX,suns,240:00,22.0,14.0,6.0,36.0,29.0,6.0,16.0,60.0,3.0,7.0,21.0,23.0
0022300098,1610612755.0,Philadelphia,76ers,PHI,sixers,240:00,17.0,12.0,23.0,50.0,13.0,12.0,16.0,50.0,17.0,9.0,20.0,26.0
0022300098,1610612757.0,Portland,Trail Blazers,POR,blazers,240:00,13.0,12.0,16.0,50.0,17.0,12.0,23.0,50.0,9.0,17.0,26.0,20.0
0022300153,1610612745.0,Houston,Rockets,HOU,rockets,240:00,19.0,8.0,14.0,50.0,9.0,19.0,11.0,38.0,4.0,2.0,19.0,22.0
0022300153,1610612758.0,Sacramento,Kings,SAC,kings,240:00,9.0,19.0,11.0,38.0,19.0,8.0,14.0,50.0,2.0,4.0,22.0,19.0
0022300074,1610612746.0,LA,Clippers,LAC,clippers,240:00,24.0,19.0,15.0,58.0,21.0,22.0,14.0,54.0,7.0,4.0,20.0,20.0
0022300074,1610612757.0,Portland,Trail Blazers,POR,blazers,240:00,21.0,22.0,14.0,54.0,24.0,19.0,15.0,58.0,4.0,7.0,20.0,20.0
0022300132,1610612755.0,Philadelphia,76ers,PHI,sixers,240:00,16.0,17.0,19.0,60.0,16.0,17.0,8.0,42.0,6.0,12.0,24.0,11.0
0022300132,1610612756.0,Phoenix,Suns,PHX,suns,240:00,16.0,17.0,8.0,42.0,16.0,17.0,19.0,60.0,12.0,6.0,11.0,24.0
0022300162,1610612741.0,Chicago,Bulls,CHI,bulls,265:00,30.0,14.0,17.0,46.0,11.0,14.0,12.0,34.0,7.0,10.0,22.0,20.0
0022300162,1610612756.0,Phoenix,Suns,PHX,suns,265:00,11.0,14.0,12.0,34.0,30.0,14.0,17.0,46.0,10.0,7.0,20.0,22.0
0022300144,1610612757.0,Portland,Trail Blazers,POR,blazers,240:00,12.0,20.0,13.0,34.0,19.0,12.0,9.0,52.0,5.0,7.0,21.0,18.0
0022300144,1610612763.0,Memphis,Grizzlies,MEM,grizzlies,240:00,19.0,12.0,9.0,52.0,12.0,20.0,13.0,34.0,7.0,5.0,18.0,21.0
0022300115,1610612765.0,Detroit,Pistons,DET,pistons,240:00,18.0,10.0,17.0,56.0,15.0,11.0,3.0,48.0,4.0,7.0,31.0,15.0
0022300115,1610612757.0,Portland,Trail Blazers,POR,blazers,240:00,15.0,11.0,3.0,48.0,18.0,10.0,17.0,56.0,7.0,4.0,15.0,31.0
0022300080,1610612738.0,Boston,Celtics,BOS,celtics,240:00,6.0,23.0,9.0,52.0,16.0,16.0,9.0,36.0,6.0,6.0,19.0,16.0
0022300080,1610612748.0,Miami,Heat,MIA,heat,240:00,16.0,16.0,9.0,36.0,6.0,23.0,9.0,52.0,6.0,6.0,16.0,19.0
0022300089,1610612764.0,Washington,Wizards,WAS,wizards,240:00,18.0,6.0,8.0,42.0,14.0,14.0,14.0,36.0,5.0,8.0,15.0,21.0
0022300089,1610612763.0,Memphis,Grizzlies,MEM,grizzlies,240:00,14.0,14.0,14.0,36.0,18.0,6.0,8.0,42.0,8.0,5.0,21.0,15.0
0022300070,1610612741.0,Chicago,Bulls,CHI,bulls,240:00,22.0,19.0,8.0,44.0,16.0,11.0,17.0,40.0,3.0,4.0,16.0,19.0
0022300070,1610612760.0,Oklahoma City,Thunder,OKC,thunder,240:00,16.0,11.0,17.0,40.0,22.0,19.0,8.0,44.0,4.0,3.0,19.0,16.0
0022300016,1610612758.0,Sacramento,Kings,SAC,kings,240:00,23.0,23.0,13.0,46.0,20.0,6.0,11.0,58.0,9.0,5.0,22.0,15.0
0022300016,1610612760.0,Oklahoma City,Thunder,OKC,thunder,240:00,20.0,6.0,11.0,58.0,23.0,23.0,13.0,46.0,5.0,9.0,15.0,22.0
0022300129,1610612740.0,New Orleans,Pelicans,NOP,pelicans,240:00,24.0,14.0,12.0,44.0,14.0,16.0,15.0,44.0,7.0,5.0,18.0,31.0
0022300129,1610612765.0,Detroit,Pistons,DET,pistons,240:00,14.0,16.0,15.0,44.0,24.0,14.0,12.0,44.0,5.0,7.0,31.0,18.0
0022300002,1610612749.0,Milwaukee,Bucks,MIL,bucks,240:00,4.0,8.0,7.0,28.0,14.0,13.0,15.0,42.0,10.0,1.0,16.0,22.0
0022300002,1610612752.0,New York,Knicks,NYK,knicks,240:00,14.0,13.0,15.0,42.0,4.0,8.0,7.0,28.0,1.0,10.0,22.0,16.0
0022300165,1610612749.0,Milwaukee,Bucks,MIL,bucks,240:00,18.0,9.0,13.0,48.0,6.0,13.0,10.0,50.0,7.0,5.0,18.0,24.0
0022300165,1610612765.0,Detroit,Pistons,DET,pistons,240:00,6.0,13.0,10.0,50.0,18.0,9.0,13.0,48.0,5.0,7.0,24.0,18.0
0022300122,1610612745.0,Houston,Rockets,HOU,rockets,240:00,27.0,6.0,21.0,32.0,20.0,22.0,15.0,58.0,2.0,8.0,22.0,19.0
0022300122,1610612766.0,Charlotte,Hornets,CHA,hornets,240:00,20.0,22.0,15.0,58.0,27.0,6.0,21.0,32.0,8.0,2.0,19.0,22.0
0022300154,1610612750.0,Minnesota,Timberwolves,MIN,timberwolves,265:00,20.0,9.0,18.0,46.0,26.0,14.0,13.0,38.0,5.0,2.0,26.0,26.0
0022300154,1610612738.0,Boston,Celtics,BOS,celtics,265:00,26.0,14.0,13.0,38.0,20.0,9.0,18.0,46.0,2.0,5.0,26.0,26.0
0022300012,1610612763.0,Memphis,Grizzlies,MEM,grizzlies,240:00,24.0,18.0,14.0,48.0,17.0,9.0,17.0,44.0,5.0,12.0,23.0,17.0
0022300012,1610612762.0,Utah,Jazz,UTA,jazz,240:00,17.0,9.0,17.0,44.0,24.0,18.0,14.0,48.0,12.0,5.0,17.0,23.0
0022300157,1610612766.0,Charlotte,Hornets,CHA,hornets,240:00,12.0,12.0,5.0,64.0,35.0,18.0,8.0,56.0,5.0,6.0,22.0,26.0
0022300157,1610612764.0,Washington,Wizards,WAS,wizards,240:00,35.0,18.0,8.0,56.0,12.0,12.0,5.0,64.0,6.0,5.0,26.0,22.0
0022300067,1610612751.0,Brooklyn,Nets,BKN,nets,240:00,16.0,10.0,24.0,56.0,26.0,13.0,21.0,50.0,6.0,6.0,16.0,23.0
0022300067,1610612739.0,Cleveland,Cavaliers,CLE,cavaliers,240:00,26.0,13.0,21.0,50.0,16.0,10.0,24.0,56.0,6.0,6.0,23.0,16.0
0022300109,1610612760.0,Oklahoma City,Thunder,OKC,thunder,240:00,26.0,11.0,16.0,50.0,27.0,15.0,12.0,42.0,10.0,5.0,19.0,25.0
0022300109,1610612765.0,Detroit,Pistons,DET,pistons,240:00,27.0,15.0,12.0,42.0,26.0,11.0,16.0,50.0,5.0,10.0,25.0,19.0
0022300181,1610612741.0,Chicago,Bulls,CHI,bulls,240:00,25.0,13.0,16.0,52.0,9.0,24.0,13.0,46.0,6.0,6.0,21.0,19.0
0022300181,1610612765.0,Detroit,Pistons,DET,pistons,240:00,9.0,24.0,13.0,46.0,25.0,13.0,16.0,52.0,6.0,6.0,19.0,21.0
0022300189,1610612761.0,Toronto,Raptors,TOR,raptors,240:00,23.0,18.0,22.0,76.0,26.0,9.0,18.0,48.0,4.0,5.0,13.0,22.0
0022300189,1610612764.0,Washington,Wizards,WAS,wizards,240:00,26.0,9.0,18.0,48.0,23.0,18.0,22.0,76.0,5.0,4.0,22.0,13.0
0022300188,1610612738.0,Boston,Celtics,BOS,celtics,240:00,12.0,15.0,9.0,34.0,16.0,15.0,5.0,18.0,3.0,2.0,22.0,16.0
0022300188,1610612752.0,New York,Knicks,NYK,knicks,240:00,16.0,15.0,5.0,18.0,12.0,15.0,9.0,34.0,2.0,3.0,16.0,22.0
0022300191,1610612758.0,Sacramento,Kings,SAC,kings,240:00,16.0,11.0,10.0,52.0,8.0,25.0,2.0,50.0,4.0,1.0,19.0,18.0
0022300191,1610612739.0,Cleveland,Cavaliers,CLE,cavaliers,240:00,8.0,25.0,2.0,50.0,16.0,11.0,10.0,52.0,1.0,4.0,18.0,19.0
0022300190,1610612749.0,Milwaukee,Bucks,MIL,bucks,240:00,10.0,22.0,15.0,42.0,22.0,22.0,13.0,38.0,5.0,7.0,23.0,25.0
0022300190,1610612741.0,Chicago,Bulls,CHI,bulls,240:00,22.0,22.0,13.0,38.0,10.0,22.0,15.0,42.0,7.0,5.0,25.0,23.0
0022300025,1610612744.0,Golden State,Warriors,GSW,warriors,240:00,22.0,14.0,7.0,34.0,20.0,15.0,11.0,36.0,2.0,5.0,22.0,19.0
0022300025,1610612750.0,Minnesota,Timberwolves,MIN,timberwolves,240:00,20.0,15.0,11.0,36.0,22.0,14.0,7.0,34.0,5.0,2.0,19.0,22.0
0022300023,1610612762.0,Utah,Jazz,UTA,jazz,240:00,23.0,20.0,20.0,56.0,9.0,12.0,9.0,40.0,6.0,6.0,18.0,15.0
0022300023,1610612757.0,Portland,Trail Blazers,POR,blazers,240:00,9.0,12.0,9.0,40.0,23.0,20.0,20.0,56.0,6.0,6.0,15.0,18.0
0022300022,1610612740.0,New Orleans,Pelicans,NOP,pelicans,240:00,31.0,12.0,46.0,60.0,10.0,20.0,12.0,40.0,6.0,3.0,20.0,16.0
0022300022,1610612742.0,Dallas,Mavericks,DAL,mavericks,240:00,10.0,20.0,12.0,40.0,31.0,12.0,46.0,60.0,3.0,6.0,16.0,20.0
0022300026,1610612747.0,Los Angeles,Lakers,LAL,lakers,240:00,10.0,20.0,17.0,40.0,22.0,19.0,8.0,34.0,10.0,9.0,13.0,15.0
0022300026,1610612763.0,Memphis,Grizzlies,MEM,grizzlies,240:00,22.0,19.0,8.0,34.0,10.0,20.0,17.0,40.0,9.0,10.0,15.0,13.0
0022300017,1610612766.0,Charlotte,Hornets,CHA,hornets,240:00,9.0,17.0,2.0,40.0,23.0,8.0,13.0,54.0,0.0,5.0,21.0,19.0
0022300017,1610612748.0,Miami,Heat,MIA,heat,240:00,23.0,8.0,13.0,54.0,9.0,17.0,2.0,40.0,5.0,0.0,19.0,21.0
0022300020,1610612751.0,Brooklyn,Nets,BKN,nets,240:00,27.0,11.0,31.0,52.0,16.0,19.0,7.0,36.0,3.0,4.0,24.0,16.0
0022300020,1610612753.0,Orlando,Magic,ORL,magic,240:00,16.0,19.0,7.0,36.0,27.0,11.0,31.0,52.0,4.0,3.0,16.0,24.0
0022300018,1610612765.0,Detroit,Pistons,DET,pistons,240:00,17.0,16.0,16.0,70.0,19.0,11.0,17.0,48.0,6.0,7.0,20.0,19.0
0022300018,1610612737.0,Atlanta,Hawks,ATL,hawks,240:00,19.0,11.0,17.0,48.0,17.0,16.0,16.0,70.0,7.0,6.0,19.0,20.0
0022300021,1610612760.0,Oklahoma City,Thunder,OKC,thunder,240:00,23.0,11.0,31.0,60.0,13.0,16.0,2.0,38.0,6.0,6.0,17.0,13.0
0022300021,1610612759.0,San Antonio,Spurs,SAS,spurs,240:00,13.0,16.0,2.0,38.0,23.0,11.0,31.0,60.0,6.0,6.0,13.0,17.0
0022300024,1610612743.0,Denver,Nuggets,DEN,nuggets,240:00,7.0,13.0,12.0,58.0,19.0,13.0,13.0,34.0,2.0,1.0,19.0,24.0
0022300024,1610612746.0,LA,Clippers,LAC,clippers,240:00,19.0,13.0,13.0,34.0,7.0,13.0,12.0,58.0,1.0,2.0,24.0,19.0
0022300019,1610612755.0,Philadelphia,76ers,PHI,sixers,240:00,4.0,8.0,22.0,66.0,13.0,8.0,21.0,58.0,3.0,5.0,26.0,28.0
0022300019,1610612754.0,Indiana,Pacers,IND,pacers,240:00,13.0,8.0,21.0,58.0,4.0,8.0,22.0,66.0,5.0,3.0,28.0,26.0
0022300197,1610612756.0,Phoenix,Suns,PHX,suns,240:00,14.0,10.0,0.0,54.0,15.0,28.0,9.0,60.0,4.0,5.0,21.0,14.0
0022300197,1610612750.0,Minnesota,Timberwolves,MIN,timberwolves,240:00,15.0,28.0,9.0,60.0,14.0,10.0,0.0,54.0,5.0,4.0,14.0,21.0
0022300193,1610612737.0,Atlanta,Hawks,ATL,hawks,240:00,13.0,4.0,8.0,42.0,21.0,21.0,14.0,50.0,6.0,2.0,20.0,20.0
0022300193,1610612752.0,New York,Knicks,NYK,knicks,240:00,21.0,21.0,14.0,50.0,13.0,4.0,8.0,42.0,2.0,6.0,20.0,20.0
0022300196,1610612741.0,Chicago,Bulls,CHI,bulls,240:00,14.0,11.0,19.0,46.0,17.0,17.0,14.0,44.0,4.0,3.0,25.0,21.0
0022300196,1610612753.0,Orlando,Magic,ORL,magic,240:00,17.0,17.0,14.0,44.0,14.0,11.0,19.0,46.0,3.0,4.0,21.0,25.0
0022300192,1610612764.0,Washington,Wizards,WAS,wizards,240:00,8.0,9.0,14.0,56.0,14.0,13.0,17.0,52.0,1.0,4.0,22.0,16.0
0022300192,1610612742.0,Dallas,Mavericks,DAL,mavericks,240:00,14.0,13.0,17.0,52.0,8.0,9.0,14.0,56.0,4.0,1.0,16.0,22.0
0022300199,1610612757.0,Portland,Trail Blazers,POR,blazers,240:00,16.0,13.0,11.0,36.0,13.0,9.0,20.0,60.0,3.0,9.0,21.0,16.0
0022300199,1610612739.0,Cleveland,Cavaliers,CLE,cavaliers,240:00,13.0,9.0,20.0,60.0,16.0,13.0,11.0,36.0,9.0,3.0,16.0,21.0
0022300194,1610612755.0,Philadelphia,76ers,PHI,sixers,240:00,13.0,16.0,10.0,54.0,10.0,18.0,17.0,40.0,1.0,8.0,14.0,15.0
0022300194,1610612738.0,Boston,Celtics,BOS,celtics,240:00,10.0,18.0,17.0,40.0,13.0,16.0,10.0,54.0,8.0,1.0,15.0,14.0
0022300198,1610612747.0,Los Angeles,Lakers,LAL,lakers,240:00,27.0,6.0,12.0,50.0,30.0,16.0,21.0,54.0,6.0,1.0,17.0,20.0
0022300198,1610612758.0,Sacramento,Kings,SAC,kings,240:00,30.0,16.0,21.0,54.0,27.0,6.0,12.0,50.0,1.0,6.0,20.0,17.0
0022300195,1610612761.0,Toronto,Raptors,TOR,raptors,240:00,16.0,24.0,16.0,52.0,20.0,9.0,9.0,34.0,8.0,9.0,19.0,25.0
0022300195,1610612749.0,Milwaukee,Bucks,MIL,bucks,240:00,20.0,9.0,9.0,34.0,16.0,24.0,16.0,52.0,9.0,8.0,25.0,19.0
0022300200,1610612748.0,Miami,Heat,MIA,heat,240:00,16.0,11.0,18.0,44.0,12.0,25.0,11.0,46.0,3.0,3.0,20.0,20.0
0022300200,1610612751.0,Brooklyn,Nets,BKN,nets,240:00,12.0,25.0,11.0,46.0,16.0,11.0,18.0,44.0,3.0,3.0,20.0,20.0
0022300201,1610612744.0,Golden State,Warriors,GSW,warriors,240:00,15.0,27.0,9.0,48.0,12.0,6.0,13.0,42.0,4.0,3.0,19.0,20.0
0022300201,1610612760.0,Oklahoma City,Thunder,OKC,thunder,240:00,12.0,6.0,13.0,42.0,15.0,27.0,9.0,48.0,3.0,4.0,20.0,19.0
0022300033,1610612741.0,Chicago,Bulls,CHI,bulls,240:00,19.0,3.0,4.0,34.0,25.0,14.0,4.0,52.0,3.0,7.0,21.0,22.0
0022300033,1610612753.0,Orlando,Magic,ORL,magic,240:00,25.0,14.0,4.0,52.0,19.0,3.0,4.0,34.0,7.0,3.0,22.0,21.0
0022300032,1610612759.0,San Antonio,Spurs,SAS,spurs,240:00,25.0,15.0,7.0,48.0,16.0,7.0,16.0,50.0,3.0,2.0,21.0,22.0
0022300032,1610612758.0,Sacramento,Kings,SAC,kings,240:00,16.0,7.0,16.0,50.0,25.0,15.0,7.0,48.0,2.0,3.0,22.0,21.0
0022300029,1610612737.0,Atlanta,Hawks,ATL,hawks,240:00,25.0,23.0,22.0,54.0,16.0,28.0,14.0,48.0,4.0,4.0,20.0,20.0
0022300029,1610612755.0,Philadelphia,76ers,PHI,sixers,240:00,16.0,28.0,14.0,48.0,25.0,23.0,22.0,54.0,4.0,4.0,20.0,20.0
0022300037,1610612746.0,LA,Clippers,LAC,clippers,240:00,26.0,11.0,4.0,36.0,16.0,8.0,19.0,52.0,7.0,5.0,19.0,28.0
0022300037,1610612745.0,Houston,Rockets,HOU,rockets,240:00,16.0,8.0,19.0,52.0,26.0,11.0,4.0,36.0,5.0,7.0,28.0,19.0
0022300031,1610612761.0,Toronto,Raptors,TOR,raptors,240:00,15.0,4.0,12.0,54.0,11.0,10.0,15.0,40.0,1.0,4.0,11.0,13.0
0022300031,1610612738.0,Boston,Celtics,BOS,celtics,240:00,11.0,10.0,15.0,40.0,15.0,4.0,12.0,54.0,4.0,1.0,13.0,11.0
0022300035,1610612762.0,Utah,Jazz,UTA,jazz,240:00,14.0,15.0,6.0,44.0,17.0,16.0,6.0,42.0,10.0,4.0,23.0,22.0
0022300035,1610612756.0,Phoenix,Suns,PHX,suns,240:00,17.0,16.0,6.0,42.0,14.0,15.0,6.0,44.0,4.0,10.0,22.0,23.0
0022300036,1610612757.0,Portland,Trail Blazers,POR,blazers,240:00,16.0,22.0,21.0,42.0,27.0,9.0,26.0,50.0,2.0,6.0,17.0,16.0
0022300036,1610612747.0,Los Angeles,Lakers,LAL,lakers,240:00,27.0,9.0,26.0,50.0,16.0,22.0,21.0,42.0,6.0,2.0,16.0,17.0
0022300027,1610612766.0,Charlotte,Hornets,CHA,hornets,240:00,9.0,8.0,13.0,48.0,12.0,6.0,16.0,42.0,2.0,7.0,14.0,21.0
0022300027,1610612749.0,Milwaukee,Bucks,MIL,bucks,240:00,12.0,6.0,16.0,42.0,9.0,8.0,13.0,48.0,7.0,2.0,21.0,14.0
0022300030,1610612739.0,Cleveland,Cavaliers,CLE,cavaliers,240:00,22.0,5.0,14.0,56.0,16.0,19.0,18.0,46.0,6.0,6.0,9.0,19.0
0022300030,1610612765.0,Detroit,Pistons,DET,pistons,240:00,16.0,19.0,18.0,46.0,22.0,5.0,14.0,56.0,6.0,6.0,19.0,9.0
0022300034,1610612740.0,New Orleans,Pelicans,NOP,pelicans,240:00,13.0,8.0,15.0,60.0,10.0,15.0,11.0,66.0,5.0,3.0,13.0,20.0
0022300034,1610612743.0,Denver,Nuggets,DEN,nuggets,240:00,10.0,15.0,11.0,66.0,13.0,8.0,15.0,60.0,3.0,5.0,20.0,13.0
0022300028,1610612764.0,Washington,Wizards,WAS,wizards,240:00,12.0,9.0,9.0,46.0,12.0,17.0,4.0,40.0,4.0,6.0,18.0,21.0
0022300028,1610612752.0,New York,Knicks,NYK,knicks,240:00,12.0,17.0,4.0,40.0,12.0,9.0,9.0,46.0,6.0,4.0,21.0,18.0
0022300206,1610612759.0,San Antonio,Spurs,SAS,spurs,240:00,11.0,21.0,7.0,38.0,18.0,18.0,9.0,56.0,9.0,3.0,28.0,25.0
0022300206,1610612763.0,Memphis,Grizzlies,MEM,grizzlies,240:00,18.0,18.0,9.0,56.0,11.0,21.0,7.0,38.0,3.0,9.0,25.0,28.0
0022300207,1610612744.0,Golden State,Warriors,GSW,warriors,265:00,19.0,21.0,11.0,36.0,26.0,13.0,15.0,54.0,4.0,7.0,18.0,16.0
0022300207,1610612760.0,Oklahoma City,Thunder,OKC,thunder,265:00,26.0,13.0,15.0,54.0,19.0,21.0,11.0,36.0,7.0,4.0,16.0,18.0
0022300204,1610612741.0,Chicago,Bulls,CHI,bulls,240:00,17.0,16.0,20.0,32.0,13.0,11.0,10.0,22.0,6.0,0.0,22.0,18.0
0022300204,1610612748.0,Miami,Heat,MIA,heat,240:00,13.0,11.0,10.0,22.0,17.0,16.0,20.0,32.0,0.0,6.0,18.0,22.0
0022300203,1610612740.0,New Orleans,Pelicans,NOP,pelicans,240:00,18.0,20.0,15.0,50.0,18.0,11.0,12.0,48.0,5.0,7.0,26.0,21.0
0022300203,1610612750.0,Minnesota,Timberwolves,MIN,timberwolves,240:00,18.0,11.0,12.0,48.0,18.0,20.0,15.0,50.0,7.0,5.0,21.0,26.0
0022300202,1610612766.0,Charlotte,Hornets,CHA,hornets,240:00,14.0,9.0,22.0,36.0,16.0,11.0,10.0,48.0,5.0,4.0,22.0,13.0
0022300202,1610612752.0,New York,Knicks,NYK,knicks,240:00,16.0,11.0,10.0,48.0,14.0,9.0,22.0,36.0,4.0,5.0,13.0,22.0
0022300205,1610612749.0,Milwaukee,Bucks,MIL,bucks,240:00,14.0,7.0,11.0,56.0,6.0,15.0,9.0,56.0,3.0,2.0,16.0,16.0
0022300205,1610612742.0,Dallas,Mavericks,DAL,mavericks,240:00,6.0,15.0,9.0,56.0,14.0,7.0,11.0,56.0,2.0,3.0,16.0,16.0
0022300210,1610612739.0,Cleveland,Cavaliers,CLE,cavaliers,240:00,17.0,19.0,5.0,56.0,18.0,4.0,18.0,46.0,5.0,5.0,18.0,21.0
0022300210,1610612743.0,Denver,Nuggets,DEN,nuggets,240:00,18.0,4.0,18.0,46.0,17.0,19.0,5.0,56.0,5.0,5.0,21.0,18.0
0022300214,1610612762.0,Utah,Jazz,UTA,jazz,290:00,16.0,27.0,24.0,62.0,14.0,18.0,12.0,48.0,5.0,13.0,27.0,28.0
0022300214,1610612756.0,Phoenix,Suns,PHX,suns,290:00,14.0,18.0,12.0,48.0,16.0,27.0,24.0,62.0,13.0,5.0,28.0,27.0
0022300213,1610612763.0,Memphis,Grizzlies,MEM,grizzlies,240:00,19.0,21.0,7.0,32.0,18.0,12.0,9.0,42.0,5.0,10.0,21.0,19.0
0022300213,1610612738.0,Boston,Celtics,BOS,celtics,240:00,18.0,12.0,9.0,42.0,19.0,21.0,7.0,32.0,10.0,5.0,19.0,21.0
0022300216,1610612747.0,Los Angeles,Lakers,LAL,lakers,240:00,24.0,9.0,6.0,58.0,18.0,11.0,5.0,48.0,1.0,3.0,13.0,25.0
0022300216,1610612745.0,Houston,Rockets,HOU,rockets,240:00,18.0,11.0,5.0,48.0,24.0,9.0,6.0,58.0,3.0,1.0,25.0,13.0
0022300218,1610612765.0,Detroit,Pistons,DET,pistons,240:00,19.0,9.0,13.0,56.0,20.0,7.0,14.0,50.0,5.0,8.0,24.0,17.0
0022300218,1610612743.0,Denver,Nuggets,DEN,nuggets,240:00,20.0,7.0,14.0,50.0,19.0,9.0,13.0,56.0,8.0,5.0,17.0,24.0
0022300217,1610612766.0,Charlotte,Hornets,CHA,hornets,265:00,15.0,20.0,24.0,60.0,12.0,20.0,9.0,46.0,7.0,8.0,18.0,15.0
0022300217,1610612738.0,Boston,Celtics,BOS,celtics,265:00,12.0,20.0,9.0,46.0,15.0,20.0,24.0,60.0,8.0,7.0,15.0,18.0
0022300215,1610612757.0,Portland,Trail Blazers,POR,blazers,240:00,16.0,14.0,9.0,42.0,29.0,10.0,13.0,52.0,2.0,3.0,15.0,18.0
0022300215,1610612760.0,Oklahoma City,Thunder,OKC,thunder,240:00,29.0,10.0,13.0,52.0,16.0,14.0,9.0,42.0,3.0,2.0,18.0,15.0
0022300221,1610612750.0,Minnesota,Timberwolves,MIN,timberwolves,240:00,15.0,14.0,24.0,48.0,17.0,14.0,24.0,38.0,7.0,3.0,26.0,23.0
0022300221,1610612752.0,New York,Knicks,NYK,knicks,240:00,17.0,14.0,24.0,38.0,15.0,14.0,24.0,48.0,3.0,7.0,23.0,26.0
0022300208,1610612751.0,Brooklyn,Nets,BKN,nets,240:00,7.0,6.0,14.0,44.0,17.0,7.0,20.0,48.0,8.0,4.0,14.0,18.0
0022300208,1610612755.0,Philadelphia,76ers,PHI,sixers,240:00,17.0,7.0,20.0,48.0,7.0,6.0,14.0,44.0,4.0,8.0,18.0,14.0
0022300220,1610612741.0,Chicago,Bulls,CHI,bulls,240:00,13.0,10.0,5.0,38.0,13.0,12.0,6.0,42.0,7.0,1.0,16.0,19.0
0022300220,1610612748.0,Miami,Heat,MIA,heat,240:00,13.0,12.0,6.0,42.0,13.0,10.0,5.0,38.0,1.0,7.0,19.0,16.0
0022300209,1610612754.0,Indiana,Pacers,IND,pacers,240:00,21.0,19.0,16.0,64.0,23.0,14.0,20.0,66.0,7.0,10.0,32.0,23.0
0022300209,1610612753.0,Orlando,Magic,ORL,magic,240:00,23.0,14.0,20.0,66.0,21.0,19.0,16.0,64.0,10.0,7.0,23.0,32.0
0022300222,1610612740.0,New Orleans,Pelicans,NOP,pelicans,240:00,19.0,15.0,17.0,64.0,16.0,10.0,11.0,40.0,6.0,5.0,19.0,21.0
0022300222,1610612758.0,Sacramento,Kings,SAC,kings,240:00,16.0,10.0,11.0,40.0,19.0,15.0,17.0,64.0,5.0,6.0,21.0,19.0
0022300219,1610612764.0,Washington,Wizards,WAS,wizards,240:00,18.0,9.0,17.0,84.0,0.0,27.0,2.0,64.0,4.0,6.0,19.0,13.0
0022300219,1610612749.0,Milwaukee,Bucks,MIL,bucks,240:00,0.0,27.0,2.0,64.0,18.0,9.0,17.0,84.0,6.0,4.0,13.0,19.0
0022300224,1610612744.0,Golden State,Warriors,GSW,warriors,240:00,10.0,10.0,5.0,18.0,8.0,15.0,7.0,56.0,1.0,3.0,21.0,24.0
0022300224,1610612745.0,Houston,Rockets,HOU,rockets,240:00,8.0,15.0,7.0,56.0,10.0,10.0,5.0,18.0,3.0,1.0,24.0,21.0
0022300212,1610612742.0,Dallas,Mavericks,DAL,mavericks,240:00,17.0,6.0,9.0,46.0,6.0,22.0,9.0,58.0,2.0,3.0,15.0,20.0
0022300212,1610612758.0,Sacramento,Kings,SAC,kings,240:00,6.0,22.0,9.0,58.0,17.0,6.0,9.0,46.0,3.0,2.0,20.0,15.0
0022300223,1610612759.0,San Antonio,Spurs,SAS,spurs,240:00,13.0,16.0,16.0,46.0,24.0,15.0,12.0,54.0,7.0,3.0,17.0,10.0
0022300223,1610612746.0,LA,Clippers,LAC,clippers,240:00,24.0,15.0,12.0,54.0,13.0,16.0,16.0,46.0,3.0,7.0,10.0,17.0
0022300211,1610612761.0,Toronto,Raptors,TOR,raptors,240:00,22.0,7.0,27.0,70.0,7.0,9.0,16.0,52.0,5.0,3.0,23.0,23.0
0022300211,1610612765.0,Detroit,Pistons,DET,pistons,240:00,7.0,9.0,16.0,52.0,22.0,7.0,27.0,70.0,3.0,5.0,23.0,23.0
0022300225,1610612766.0,Charlotte,Hornets,CHA,hornets,240:00,14.0,17.0,7.0,52.0,17.0,16.0,18.0,60.0,4.0,3.0,15.0,18.0
0022300225,1610612764.0,Washington,Wizards,WAS,wizards,240:00,17.0,16.0,18.0,60.0,14.0,17.0,7.0,52.0,3.0,4.0,18.0,15.0
0022300049,1610612749.0,Milwaukee,Bucks,MIL,bucks,240:00,4.0,9.0,7.0,74.0,8.0,12.0,13.0,58.0,6.0,4.0,22.0,24.0
0022300049,1610612764.0,Washington,Wizards,WAS,wizards,240:00,8.0,12.0,13.0,58.0,4.0,9.0,7.0,74.0,4.0,6.0,24.0,22.0
0022300232,1610612750.0,Minnesota,Timberwolves,MIN,timberwolves,240:00,19.0,16.0,19.0,58.0,16.0,18.0,4.0,44.0,8.0,12.0,21.0,23.0
0022300232,1610612755.0,Philadelphia,76ers,PHI,sixers,240:00,16.0,18.0,4.0,44.0,19.0,16.0,19.0,58.0,12.0,8.0,23.0,21.0
0022300230,1610612754.0,Indiana,Pacers,IND,pacers,240:00,32.0,8.0,18.0,64.0,21.0,18.0,12.0,64.0,6.0,3.0,24.0,15.0
0022300230,1610612761.0,Toronto,Raptors,TOR,raptors,240:00,21.0,18.0,12.0,64.0,32.0,8.0,18.0,64.0,3.0,6.0,15.0,24.0
0022300052,1610612746.0,LA,Clippers,LAC,clippers,240:00,19.0,16.0,24.0,48.0,12.0,17.0,12.0,52.0,8.0,5.0,24.0,19.0
0022300052,1610612740.0,New Orleans,Pelicans,NOP,pelicans,240:00,12.0,17.0,12.0,52.0,19.0,16.0,24.0,48.0,5.0,8.0,19.0,24.0
0022300240,1610612751.0,Brooklyn,Nets,BKN,nets,240:00,18.0,6.0,11.0,50.0,12.0,25.0,7.0,42.0,9.0,3.0,18.0,18.0
0022300240,1610612748.0,Miami,Heat,MIA,heat,240:00,12.0,25.0,7.0,42.0,18.0,6.0,11.0,50.0,3.0,9.0,18.0,18.0
0022300044,1610612763.0,Memphis,Grizzlies,MEM,grizzlies,240:00,9.0,11.0,9.0,48.0,24.0,11.0,10.0,42.0,2.0,6.0,22.0,12.0
0022300044,1610612756.0,Phoenix,Suns,PHX,suns,240:00,24.0,11.0,10.0,42.0,9.0,11.0,9.0,48.0,6.0,2.0,12.0,22.0
0022300234,1610612760.0,Oklahoma City,Thunder,OKC,thunder,240:00,15.0,10.0,6.0,42.0,25.0,14.0,4.0,28.0,12.0,2.0,17.0,26.0
0022300234,1610612741.0,Chicago,Bulls,CHI,bulls,240:00,25.0,14.0,4.0,28.0,15.0,10.0,6.0,42.0,2.0,12.0,26.0,17.0
0022300045,1610612752.0,New York,Knicks,NYK,knicks,240:00,14.0,5.0,16.0,54.0,25.0,8.0,18.0,40.0,2.0,0.0,14.0,19.0
0022300045,1610612748.0,Miami,Heat,MIA,heat,240:00,25.0,8.0,18.0,40.0,14.0,5.0,16.0,54.0,0.0,2.0,19.0,14.0
0022300237,1610612757.0,Portland,Trail Blazers,POR,blazers,240:00,31.0,12.0,14.0,54.0,9.0,18.0,11.0,50.0,6.0,3.0,21.0,13.0
0022300237,1610612762.0,Utah,Jazz,UTA,jazz,240:00,9.0,18.0,11.0,50.0,31.0,12.0,14.0,54.0,3.0,6.0,13.0,21.0
0022300046,1610612761.0,Toronto,Raptors,TOR,raptors,240:00,15.0,17.0,11.0,50.0,20.0,14.0,9.0,46.0,6.0,2.0,14.0,20.0
0022300046,1610612741.0,Chicago,Bulls,CHI,bulls,240:00,20.0,14.0,9.0,46.0,15.0,17.0,11.0,50.0,2.0,6.0,20.0,14.0
0022300050,1610612750.0,Minnesota,Timberwolves,MIN,timberwolves,240:00,13.0,15.0,9.0,42.0,22.0,26.0,10.0,58.0,9.0,4.0,18.0,19.0
0022300050,1610612758.0,Sacramento,Kings,SAC,kings,240:00,22.0,26.0,10.0,58.0,13.0,15.0,9.0,42.0,4.0,9.0,19.0,18.0
0022300042,1610612747.0,Los Angeles,Lakers,LAL,lakers,240:00,21.0,8.0,24.0,76.0,19.0,22.0,8.0,54.0,5.0,3.0,15.0,22.0
0022300042,1610612762.0,Utah,Jazz,UTA,jazz,240:00,19.0,22.0,8.0,54.0,21.0,8.0,24.0,76.0,3.0,5.0,22.0,15.0
0022300243,1610612762.0,Utah,Jazz,UTA,jazz,240:00,15.0,12.0,26.0,40.0,22.0,7.0,13.0,42.0,6.0,4.0,13.0,17.0
0022300243,1610612740.0,New Orleans,Pelicans,NOP,pelicans,240:00,22.0,7.0,13.0,42.0,15.0,12.0,26.0,40.0,4.0,6.0,17.0,13.0
0022300038,1610612753.0,Orlando,Magic,ORL,magic,240:00,31.0,27.0,23.0,68.0,13.0,5.0,9.0,36.0,8.0,6.0,19.0,20.0
0022300038,1610612761.0,Toronto,Raptors,TOR,raptors,240:00,13.0,5.0,9.0,36.0,31.0,27.0,23.0,68.0,6.0,8.0,20.0,19.0
0022300229,1610612739.0,Cleveland,Cavaliers,CLE,cavaliers,240:00,13.0,5.0,9.0,36.0,28.0,19.0,12.0,38.0,6.0,7.0,17.0,19.0
0022300229,1610612748.0,Miami,Heat,MIA,heat,240:00,28.0,19.0,12.0,38.0,13.0,5.0,9.0,36.0,7.0,6.0,19.0,17.0
0022300242,1610612739.0,Cleveland,Cavaliers,CLE,cavaliers,240:00,17.0,11.0,20.0,62.0,16.0,17.0,12.0,70.0,4.0,8.0,16.0,15.0
0022300242,1610612747.0,Los Angeles,Lakers,LAL,lakers,240:00,16.0,17.0,12.0,70.0,17.0,11.0,20.0,62.0,8.0,4.0,15.0,16.0
0022300047,1610612754.0,Indiana,Pacers,IND,pacers,240:00,14.0,23.0,13.0,60.0,13.0,18.0,20.0,62.0,8.0,11.0,21.0,18.0
0022300047,1610612765.0,Detroit,Pistons,DET,pistons,240:00,13.0,18.0,20.0,62.0,14.0,23.0,13.0,60.0,11.0,8.0,18.0,21.0
0022300048,1610612745.0,Houston,Rockets,HOU,rockets,240:00,12.0,9.0,14.0,44.0,21.0,16.0,6.0,36.0,9.0,4.0,21.0,14.0
0022300048,1610612743.0,Denver,Nuggets,DEN,nuggets,240:00,21.0,16.0,6.0,36.0,12.0,9.0,14.0,44.0,4.0,9.0,14.0,21.0
0022300227,1610612737.0,Atlanta,Hawks,ATL,hawks,265:00,25.0,30.0,18.0,54.0,14.0,27.0,9.0,62.0,8.0,6.0,18.0,24.0
0022300227,1610612751.0,Brooklyn,Nets,BKN,nets,265:00,14.0,27.0,9.0,62.0,25.0,30.0,18.0,54.0,6.0,8.0,24.0,18.0
0022300228,1610612738.0,Boston,Celtics,BOS,celtics,240:00,14.0,9.0,12.0,46.0,16.0,19.0,9.0,58.0,5.0,2.0,15.0,19.0
0022300228,1610612749.0,Milwaukee,Bucks,MIL,bucks,240:00,16.0,19.0,9.0,58.0,14.0,9.0,12.0,46.0,2.0,5.0,19.0,15.0
0022300226,1610612753.0,Orlando,Magic,ORL,magic,240:00,17.0,22.0,12.0,60.0,12.0,20.0,4.0,44.0,7.0,2.0,21.0,25.0
0022300226,1610612743.0,Denver,Nuggets,DEN,nuggets,240:00,12.0,20.0,4.0,44.0,17.0,22.0,12.0,60.0,2.0,7.0,25.0,21.0
0022300238,1610612747.0,Los Angeles,Lakers,LAL,lakers,240:00,4.0,8.0,6.0,52.0,17.0,13.0,18.0,36.0,2.0,4.0,17.0,18.0
0022300238,1610612742.0,Dallas,Mavericks,DAL,mavericks,240:00,17.0,13.0,18.0,36.0,4.0,8.0,6.0,52.0,4.0,2.0,18.0,17.0
0022300043,1610612753.0,Orlando,Magic,ORL,magic,240:00,14.0,21.0,10.0,60.0,25.0,8.0,15.0,40.0,3.0,4.0,28.0,18.0
0022300043,1610612738.0,Boston,Celtics,BOS,celtics,240:00,25.0,8.0,15.0,40.0,14.0,21.0,10.0,60.0,4.0,3.0,18.0,28.0
0022300051,1610612744.0,Golden State,Warriors,GSW,warriors,240:00,20.0,8.0,11.0,30.0,34.0,18.0,13.0,48.0,2.0,3.0,21.0,18.0
0022300051,1610612759.0,San Antonio,Spurs,SAS,spurs,240:00,34.0,18.0,13.0,48.0,20.0,8.0,11.0,30.0,3.0,2.0,18.0,21.0
0022300236,1610612756.0,Phoenix,Suns,PHX,suns,240:00,27.0,10.0,11.0,40.0,17.0,9.0,19.0,56.0,8.0,3.0,22.0,34.0
0022300236,1610612744.0,Golden State,Warriors,GSW,warriors,240:00,17.0,9.0,19.0,56.0,27.0,10.0,11.0,40.0,3.0,8.0,34.0,22.0
0022300233,1610612740.0,New Orleans,Pelicans,NOP,pelicans,240:00,20.0,15.0,5.0,62.0,5.0,4.0,16.0,28.0,2.0,1.0,28.0,25.0
0022300233,1610612758.0,Sacramento,Kings,SAC,kings,240:00,5.0,4.0,16.0,28.0,20.0,15.0,5.0,62.0,1.0,2.0,25.0,28.0
0022300244,1610612746.0,LA,Clippers,LAC,clippers,240:00,7.0,25.0,19.0,54.0,11.0,10.0,17.0,32.0,6.0,5.0,16.0,24.0
0022300244,1610612742.0,Dallas,Mavericks,DAL,mavericks,240:00,11.0,10.0,17.0,32.0,7.0,25.0,19.0,54.0,5.0,6.0,24.0,16.0
0022300231,1610612745.0,Houston,Rockets,HOU,rockets,240:00,9.0,7.0,5.0,42.0,5.0,6.0,0.0,32.0,6.0,7.0,22.0,19.0
0022300231,1610612763.0,Memphis,Grizzlies,MEM,grizzlies,240:00,5.0,6.0,0.0,32.0,9.0,7.0,5.0,42.0,7.0,6.0,19.0,22.0
0022300241,1610612764.0,Washington,Wizards,WAS,wizards,240:00,15.0,13.0,9.0,58.0,27.0,19.0,18.0,62.0,6.0,2.0,17.0,15.0
0022300241,1610612737.0,Atlanta,Hawks,ATL,hawks,240:00,27.0,19.0,18.0,62.0,15.0,13.0,9.0,58.0,2.0,6.0,15.0,17.0
0022300239,1610612760.0,Oklahoma City,Thunder,OKC,thunder,240:00,22.0,12.0,12.0,50.0,5.0,21.0,7.0,38.0,3.0,9.0,27.0,26.0
0022300239,1610612755.0,Philadelphia,76ers,PHI,sixers,240:00,5.0,21.0,7.0,38.0,22.0,12.0,12.0,50.0,9.0,3.0,26.0,27.0
0022300235,1610612759.0,San Antonio,Spurs,SAS,spurs,240:00,8.0,9.0,17.0,44.0,16.0,10.0,25.0,44.0,6.0,3.0,24.0,23.0
0022300235,1610612746.0,LA,Clippers,LAC,clippers,240:00,16.0,10.0,25.0,44.0,8.0,9.0,17.0,44.0,3.0,6.0,23.0,24.0
0022300040,1610612755.0,Philadelphia,76ers,PHI,sixers,265:00,23.0,15.0,26.0,52.0,14.0,16.0,8.0,68.0,8.0,4.0,25.0,21.0
0022300040,1610612739.0,Cleveland,Cavaliers,CLE,cavaliers,265:00,14.0,16.0,8.0,68.0,23.0,15.0,26.0,52.0,4.0,8.0,21.0,25.0
0022300039,1610612737.0,Atlanta,Hawks,ATL,hawks,240:00,17.0,16.0,17.0,74.0,19.0,12.0,20.0,64.0,4.0,11.0,23.0,25.0
0022300039,1610612754.0,Indiana,Pacers,IND,pacers,240:00,19.0,12.0,20.0,64.0,17.0,16.0,17.0,74.0,11.0,4.0,25.0,23.0
0022300041,1610612756.0,Phoenix,Suns,PHX,suns,240:00,15.0,12.0,20.0,66.0,17.0,26.0,5.0,44.0,8.0,3.0,18.0,20.0
0022300041,1610612757.0,Portland,Trail Blazers,POR,blazers,240:00,17.0,26.0,5.0,44.0,15.0,12.0,20.0,66.0,3.0,8.0,20.0,18.0
0022300250,1610612751.0,Brooklyn,Nets,BKN,nets,240:00,20.0,13.0,7.0,30.0,13.0,14.0,7.0,34.0,2.0,2.0,19.0,18.0
0022300250,1610612741.0,Chicago,Bulls,CHI,bulls,240:00,13.0,14.0,7.0,34.0,20.0,13.0,7.0,30.0,2.0,2.0,18.0,19.0
0022300245,1610612749.0,Milwaukee,Bucks,MIL,bucks,240:00,23.0,15.0,11.0,40.0,27.0,14.0,21.0,40.0,11.0,4.0,20.0,26.0
0022300245,1610612757.0,Portland,Trail Blazers,POR,blazers,240:00,27.0,14.0,21.0,40.0,23.0,15.0,11.0,40.0,4.0,11.0,26.0,20.0
0022300247,1610612752.0,New York,Knicks,NYK,knicks,240:00,20.0,16.0,12.0,42.0,12.0,20.0,4.0,38.0,5.0,11.0,19.0,25.0
0022300247,1610612756.0,Phoenix,Suns,PHX,suns,240:00,12.0,20.0,4.0,38.0,20.0,16.0,12.0,42.0,11.0,5.0,25.0,19.0
0022300246,1610612738.0,Boston,Celtics,BOS,celtics,240:00,26.0,17.0,8.0,46.0,11.0,8.0,18.0,34.0,3.0,4.0,19.0,17.0
0022300246,1610612737.0,Atlanta,Hawks,ATL,hawks,240:00,11.0,8.0,18.0,34.0,26.0,17.0,8.0,46.0,4.0,3.0,17.0,19.0
0022300251,1610612739.0,Cleveland,Cavaliers,CLE,cavaliers,240:00,15.0,20.0,23.0,58.0,10.0,22.0,12.0,50.0,5.0,3.0,18.0,11.0
0022300251,1610612761.0,Toronto,Raptors,TOR,raptors,240:00,10.0,22.0,12.0,50.0,15.0,20.0,23.0,58.0,3.0,5.0,11.0,18.0
0022300252,1610612743.0,Denver,Nuggets,DEN,nuggets,240:00,18.0,20.0,17.0,66.0,26.0,12.0,24.0,48.0,3.0,6.0,25.0,22.0
0022300252,1610612759.0,San Antonio,Spurs,SAS,spurs,240:00,26.0,12.0,24.0,48.0,18.0,20.0,17.0,66.0,6.0,3.0,22.0,25.0
0022300248,1610612753.0,Orlando,Magic,ORL,magic,240:00,28.0,9.0,18.0,74.0,17.0,9.0,10.0,60.0,3.0,7.0,26.0,26.0
0022300248,1610612766.0,Charlotte,Hornets,CHA,hornets,240:00,17.0,9.0,10.0,60.0,28.0,9.0,18.0,74.0,7.0,3.0,26.0,26.0
0022300249,1610612763.0,Memphis,Grizzlies,MEM,grizzlies,240:00,15.0,21.0,11.0,36.0,14.0,7.0,11.0,48.0,4.0,5.0,18.0,26.0
0022300249,1610612750.0,Minnesota,Timberwolves,MIN,timberwolves,240:00,14.0,7.0,11.0,48.0,15.0,21.0,11.0,36.0,5.0,4.0,26.0,18.0
0022300254,1610612754.0,Indiana,Pacers,IND,pacers,240:00,15.0,12.0,9.0,58.0,20.0,13.0,4.0,44.0,6.0,4.0,24.0,21.0
0022300254,1610612757.0,Portland,Trail Blazers,POR,blazers,240:00,20.0,13.0,4.0,44.0,15.0,12.0,9.0,58.0,4.0,6.0,21.0,24.0
0022300255,1610612755.0,Philadelphia,76ers,PHI,sixers,240:00,24.0,26.0,13.0,38.0,9.0,9.0,20.0,58.0,2.0,4.0,17.0,18.0
0022300255,1610612747.0,Los Angeles,Lakers,LAL,lakers,240:00,9.0,9.0,20.0,58.0,24.0,26.0,13.0,38.0,4.0,2.0,18.0,17.0
0022300253,1610612765.0,Detroit,Pistons,DET,pistons,240:00,9.0,10.0,20.0,66.0,13.0,8.0,20.0,62.0,11.0,6.0,22.0,18.0
0022300253,1610612764.0,Washington,Wizards,WAS,wizards,240:00,13.0,8.0,20.0,62.0,9.0,10.0,20.0,66.0,6.0,11.0,18.0,22.0
0022300257,1610612746.0,LA,Clippers,LAC,clippers,240:00,18.0,10.0,8.0,50.0,17.0,12.0,6.0,54.0,9.0,6.0,23.0,22.0
0022300257,1610612743.0,Denver,Nuggets,DEN,nuggets,240:00,17.0,12.0,6.0,54.0,18.0,10.0,8.0,50.0,6.0,9.0,22.0,23.0
0022300256,1610612762.0,Utah,Jazz,UTA,jazz,240:00,7.0,20.0,19.0,38.0,18.0,9.0,14.0,68.0,4.0,1.0,23.0,25.0
0022300256,1610612740.0,New Orleans,Pelicans,NOP,pelicans,240:00,18.0,9.0,14.0,68.0,7.0,20.0,19.0,38.0,1.0,4.0,25.0,23.0
0022300058,1610612750.0,Minnesota,Timberwolves,MIN,timberwolves,240:00,12.0,19.0,5.0,32.0,21.0,4.0,9.0,36.0,9.0,4.0,17.0,23.0
0022300058,1610612760.0,Oklahoma City,Thunder,OKC,thunder,240:00,21.0,4.0,9.0,36.0,12.0,19.0,5.0,32.0,4.0,9.0,23.0,17.0
0022300060,1610612758.0,Sacramento,Kings,SAC,kings,240:00,26.0,9.0,10.0,50.0,13.0,7.0,7.0,38.0,7.0,6.0,23.0,31.0
0022300060,1610612744.0,Golden State,Warriors,GSW,warriors,240:00,13.0,7.0,7.0,38.0,26.0,9.0,10.0,50.0,6.0,7.0,31.0,23.0
0022300059,1610612742.0,Dallas,Mavericks,DAL,mavericks,240:00,16.0,20.0,10.0,50.0,11.0,22.0,10.0,56.0,4.0,6.0,25.0,27.0
0022300059,1610612745.0,Houston,Rockets,HOU,rockets,240:00,11.0,22.0,10.0,56.0,16.0,20.0,10.0,50.0,6.0,4.0,27.0,25.0
0022300055,1610612739.0,Cleveland,Cavaliers,CLE,cavaliers,240:00,12.0,14.0,19.0,64.0,14.0,20.0,12.0,32.0,12.0,3.0,20.0,16.0
0022300055,1610612737.0,Atlanta,Hawks,ATL,hawks,240:00,14.0,20.0,12.0,32.0,12.0,14.0,19.0,64.0,3.0,12.0,16.0,20.0
0022300056,1610612748.0,Miami,Heat,MIA,heat,240:00,10.0,15.0,9.0,62.0,9.0,14.0,16.0,54.0,5.0,4.0,22.0,21.0
0022300056,1610612749.0,Milwaukee,Bucks,MIL,bucks,240:00,9.0,14.0,16.0,54.0,10.0,15.0,9.0,62.0,4.0,5.0,21.0,22.0
0022300054,1610612751.0,Brooklyn,Nets,BKN,nets,240:00,8.0,8.0,14.0,50.0,20.0,15.0,12.0,34.0,8.0,3.0,17.0,21.0
0022300054,1610612761.0,Toronto,Raptors,TOR,raptors,240:00,20.0,15.0,12.0,34.0,8.0,8.0,14.0,50.0,3.0,8.0,21.0,17.0
0022300053,1610612738.0,Boston,Celtics,BOS,celtics,240:00,13.0,16.0,16.0,46.0,16.0,13.0,13.0,42.0,9.0,7.0,18.0,13.0
0022300053,1610612741.0,Chicago,Bulls,CHI,bulls,240:00,16.0,13.0,13.0,42.0,13.0,16.0,16.0,46.0,7.0,9.0,13.0,18.0
0022300057,1610612752.0,New York,Knicks,NYK,knicks,240:00,23.0,28.0,13.0,48.0,20.0,14.0,14.0,42.0,7.0,2.0,12.0,14.0
0022300057,1610612766.0,Charlotte,Hornets,CHA,hornets,240:00,20.0,14.0,14.0,42.0,23.0,28.0,13.0,48.0,2.0,7.0,14.0,12.0
0022300261,1610612763.0,Memphis,Grizzlies,MEM,grizzlies,240:00,16.0,17.0,23.0,58.0,16.0,19.0,9.0,36.0,10.0,8.0,15.0,14.0
0022300261,1610612762.0,Utah,Jazz,UTA,jazz,240:00,16.0,19.0,9.0,36.0,16.0,17.0,23.0,58.0,8.0,10.0,14.0,15.0
0022300260,1610612761.0,Toronto,Raptors,TOR,raptors,240:00,5.0,14.0,20.0,60.0,10.0,28.0,12.0,48.0,5.0,5.0,22.0,15.0
0022300260,1610612756.0,Phoenix,Suns,PHX,suns,240:00,10.0,28.0,12.0,48.0,5.0,14.0,20.0,60.0,5.0,5.0,15.0,22.0
0022300264,1610612758.0,Sacramento,Kings,SAC,kings,240:00,5.0,12.0,3.0,48.0,13.0,8.0,9.0,60.0,1.0,5.0,20.0,20.0
0022300264,1610612746.0,LA,Clippers,LAC,clippers,240:00,13.0,8.0,9.0,60.0,5.0,12.0,3.0,48.0,5.0,1.0,20.0,20.0
0022300259,1610612753.0,Orlando,Magic,ORL,magic,240:00,12.0,5.0,15.0,66.0,25.0,14.0,32.0,52.0,6.0,3.0,22.0,20.0
0022300259,1610612764.0,Washington,Wizards,WAS,wizards,240:00,25.0,14.0,32.0,52.0,12.0,5.0,15.0,66.0,3.0,6.0,20.0,22.0
0022300258,1610612765.0,Detroit,Pistons,DET,pistons,240:00,13.0,5.0,13.0,42.0,17.0,15.0,22.0,58.0,3.0,10.0,31.0,12.0
0022300258,1610612747.0,Los Angeles,Lakers,LAL,lakers,240:00,17.0,15.0,22.0,58.0,13.0,5.0,13.0,42.0,10.0,3.0,12.0,31.0
0022300263,1610612743.0,Denver,Nuggets,DEN,nuggets,240:00,13.0,27.0,9.0,54.0,2.0,15.0,10.0,44.0,2.0,5.0,18.0,20.0
0022300263,1610612745.0,Houston,Rockets,HOU,rockets,240:00,2.0,15.0,10.0,44.0,13.0,27.0,9.0,54.0,5.0,2.0,20.0,18.0
0022300262,1610612740.0,New Orleans,Pelicans,NOP,pelicans,240:00,29.0,14.0,17.0,60.0,24.0,17.0,9.0,50.0,4.0,7.0,22.0,26.0
0022300262,1610612755.0,Philadelphia,76ers,PHI,sixers,240:00,24.0,17.0,9.0,50.0,29.0,14.0,17.0,60.0,7.0,4.0,26.0,22.0
0022300276,1610612761.0,Toronto,Raptors,TOR,raptors,240:00,14.0,23.0,22.0,60.0,11.0,16.0,13.0,48.0,6.0,3.0,19.0,15.0
0022300276,1610612752.0,New York,Knicks,NYK,knicks,240:00,11.0,16.0,13.0,48.0,14.0,23.0,22.0,60.0,3.0,6.0,15.0,19.0
0022300272,1610612759.0,San Antonio,Spurs,SAS,spurs,240:00,10.0,11.0,20.0,48.0,14.0,9.0,13.0,56.0,7.0,2.0,22.0,25.0
0022300272,1610612737.0,Atlanta,Hawks,ATL,hawks,240:00,14.0,9.0,13.0,56.0,10.0,11.0,20.0,48.0,2.0,7.0,25.0,22.0
0022300275,1610612738.0,Boston,Celtics,BOS,celtics,240:00,26.0,14.0,19.0,42.0,23.0,16.0,14.0,50.0,8.0,5.0,18.0,24.0
0022300275,1610612755.0,Philadelphia,76ers,PHI,sixers,240:00,23.0,16.0,14.0,50.0,26.0,14.0,19.0,42.0,5.0,8.0,24.0,18.0
0022300268,1610612752.0,New York,Knicks,NYK,knicks,240:00,21.0,16.0,8.0,44.0,22.0,7.0,14.0,44.0,3.0,3.0,17.0,25.0
0022300268,1610612765.0,Detroit,Pistons,DET,pistons,240:00,22.0,7.0,14.0,44.0,21.0,16.0,8.0,44.0,3.0,3.0,25.0,17.0
0022300271,1610612760.0,Oklahoma City,Thunder,OKC,thunder,240:00,14.0,13.0,26.0,56.0,14.0,6.0,12.0,38.0,6.0,2.0,24.0,20.0
0022300271,1610612747.0,Los Angeles,Lakers,LAL,lakers,240:00,14.0,6.0,12.0,38.0,14.0,13.0,26.0,56.0,2.0,6.0,20.0,24.0
0022300265,1610612739.0,Cleveland,Cavaliers,CLE,cavaliers,240:00,31.0,24.0,19.0,50.0,23.0,16.0,17.0,46.0,2.0,4.0,15.0,17.0
0022300265,1610612757.0,Portland,Trail Blazers,POR,blazers,240:00,23.0,16.0,17.0,46.0,31.0,24.0,19.0,50.0,4.0,2.0,17.0,15.0
0022300270,1610612750.0,Minnesota,Timberwolves,MIN,timberwolves,240:00,20.0,8.0,25.0,50.0,10.0,15.0,8.0,42.0,7.0,4.0,16.0,19.0
0022300270,1610612762.0,Utah,Jazz,UTA,jazz,240:00,10.0,15.0,8.0,42.0,20.0,8.0,25.0,50.0,4.0,7.0,19.0,16.0
0022300274,1610612753.0,Orlando,Magic,ORL,magic,240:00,16.0,16.0,7.0,60.0,16.0,16.0,14.0,56.0,8.0,5.0,23.0,29.0
0022300274,1610612764.0,Washington,Wizards,WAS,wizards,240:00,16.0,16.0,14.0,56.0,16.0,16.0,7.0,60.0,5.0,8.0,29.0,23.0
0022300266,1610612751.0,Brooklyn,Nets,BKN,nets,240:00,13.0,32.0,20.0,66.0,12.0,18.0,11.0,38.0,4.0,7.0,11.0,16.0
0022300266,1610612766.0,Charlotte,Hornets,CHA,hornets,240:00,12.0,18.0,11.0,38.0,13.0,32.0,20.0,66.0,7.0,4.0,16.0,11.0
0022300278,1610612740.0,New Orleans,Pelicans,NOP,pelicans,240:00,24.0,18.0,13.0,52.0,14.0,14.0,5.0,38.0,6.0,5.0,15.0,21.0
0022300278,1610612759.0,San Antonio,Spurs,SAS,spurs,240:00,14.0,14.0,5.0,38.0,24.0,18.0,13.0,52.0,5.0,6.0,21.0,15.0
0022300279,1610612756.0,Phoenix,Suns,PHX,suns,240:00,11.0,10.0,12.0,56.0,11.0,8.0,10.0,56.0,8.0,4.0,17.0,21.0
0022300279,1610612743.0,Denver,Nuggets,DEN,nuggets,240:00,11.0,8.0,10.0,56.0,11.0,10.0,12.0,56.0,4.0,8.0,21.0,17.0
0022300267,1610612748.0,Miami,Heat,MIA,heat,240:00,10.0,22.0,15.0,70.0,22.0,21.0,22.0,74.0,1.0,5.0,28.0,31.0
0022300267,1610612754.0,Indiana,Pacers,IND,pacers,240:00,22.0,21.0,22.0,74.0,10.0,22.0,15.0,70.0,5.0,1.0,31.0,28.0
0022300273,1610612744.0,Golden State,Warriors,GSW,warriors,240:00,11.0,15.0,14.0,46.0,11.0,18.0,15.0,58.0,4.0,1.0,18.0,21.0
0022300273,1610612746.0,LA,Clippers,LAC,clippers,240:00,11.0,18.0,15.0,58.0,11.0,15.0,14.0,46.0,1.0,4.0,21.0,18.0
0022300269,1610612741.0,Chicago,Bulls,CHI,bulls,265:00,25.0,17.0,20.0,52.0,19.0,17.0,11.0,44.0,4.0,6.0,18.0,21.0
0022300269,1610612749.0,Milwaukee,Bucks,MIL,bucks,265:00,19.0,17.0,11.0,44.0,25.0,17.0,20.0,52.0,6.0,4.0,21.0,18.0
0022300277,1610612742.0,Dallas,Mavericks,DAL,mavericks,240:00,14.0,16.0,18.0,40.0,19.0,19.0,9.0,50.0,5.0,12.0,13.0,23.0
0022300277,1610612763.0,Memphis,Grizzlies,MEM,grizzlies,240:00,19.0,19.0,9.0,50.0,14.0,16.0,18.0,40.0,12.0,5.0,23.0,13.0
0022300287,1610612742.0,Dallas,Mavericks,DAL,mavericks,240:00,23.0,8.0,8.0,36.0,26.0,13.0,17.0,42.0,12.0,5.0,21.0,24.0
0022300287,1610612760.0,Oklahoma City,Thunder,OKC,thunder,240:00,26.0,13.0,17.0,42.0,23.0,8.0,8.0,36.0,5.0,12.0,24.0,21.0
0022300285,1610612741.0,Chicago,Bulls,CHI,bulls,240:00,18.0,16.0,14.0,48.0,15.0,10.0,16.0,56.0,8.0,1.0,21.0,17.0
0022300285,1610612740.0,New Orleans,Pelicans,NOP,pelicans,240:00,15.0,10.0,16.0,56.0,18.0,16.0,14.0,48.0,1.0,8.0,17.0,21.0
0022300282,1610612751.0,Brooklyn,Nets,BKN,nets,240:00,12.0,24.0,17.0,56.0,7.0,14.0,11.0,46.0,7.0,5.0,21.0,27.0
0022300282,1610612753.0,Orlando,Magic,ORL,magic,240:00,7.0,14.0,11.0,46.0,12.0,24.0,17.0,56.0,5.0,7.0,27.0,21.0
0022300288,1610612756.0,Phoenix,Suns,PHX,suns,240:00,13.0,20.0,9.0,40.0,25.0,4.0,13.0,56.0,5.0,8.0,21.0,31.0
0022300288,1610612763.0,Memphis,Grizzlies,MEM,grizzlies,240:00,25.0,4.0,13.0,56.0,13.0,20.0,9.0,40.0,8.0,5.0,31.0,21.0
0022300290,1610612758.0,Sacramento,Kings,SAC,kings,240:00,20.0,9.0,19.0,60.0,11.0,7.0,11.0,62.0,5.0,7.0,14.0,14.0
0022300290,1610612743.0,Denver,Nuggets,DEN,nuggets,240:00,11.0,7.0,11.0,62.0,20.0,9.0,19.0,60.0,7.0,5.0,14.0,14.0
0022300289,1610612762.0,Utah,Jazz,UTA,jazz,265:00,18.0,24.0,17.0,68.0,17.0,12.0,21.0,42.0,11.0,5.0,21.0,20.0
0022300289,1610612757.0,Portland,Trail Blazers,POR,blazers,265:00,17.0,12.0,21.0,42.0,18.0,24.0,17.0,68.0,5.0,11.0,20.0,21.0
0022300283,1610612765.0,Detroit,Pistons,DET,pistons,240:00,14.0,8.0,9.0,46.0,21.0,5.0,11.0,58.0,3.0,1.0,20.0,18.0
0022300283,1610612739.0,Cleveland,Cavaliers,CLE,cavaliers,240:00,21.0,5.0,11.0,58.0,14.0,8.0,9.0,46.0,1.0,3.0,18.0,20.0
0022300284,1610612748.0,Miami,Heat,MIA,heat,240:00,17.0,15.0,0.0,68.0,17.0,4.0,20.0,76.0,1.0,8.0,22.0,24.0
0022300284,1610612754.0,Indiana,Pacers,IND,pacers,240:00,17.0,4.0,20.0,76.0,17.0,15.0,0.0,68.0,8.0,1.0,24.0,22.0
0022300291,1610612747.0,Los Angeles,Lakers,LAL,lakers,240:00,21.0,13.0,8.0,54.0,11.0,8.0,20.0,34.0,7.0,7.0,17.0,23.0
0022300291,1610612745.0,Houston,Rockets,HOU,rockets,240:00,11.0,8.0,20.0,34.0,21.0,13.0,8.0,54.0,7.0,7.0,23.0,17.0
0022300286,1610612749.0,Milwaukee,Bucks,MIL,bucks,240:00,17.0,7.0,21.0,60.0,18.0,12.0,10.0,38.0,6.0,4.0,19.0,14.0
0022300286,1610612737.0,Atlanta,Hawks,ATL,hawks,240:00,18.0,12.0,10.0,38.0,17.0,7.0,21.0,60.0,4.0,6.0,14.0,19.0
0022300281,1610612766.0,Charlotte,Hornets,CHA,hornets,240:00,15.0,16.0,20.0,50.0,14.0,22.0,0.0,58.0,4.0,3.0,22.0,16.0
0022300281,1610612750.0,Minnesota,Timberwolves,MIN,timberwolves,240:00,14.0,22.0,0.0,58.0,15.0,16.0,20.0,50.0,3.0,4.0,16.0,22.0
0022300280,1610612746.0,LA,Clippers,LAC,clippers,240:00,11.0,4.0,15.0,56.0,16.0,12.0,12.0,38.0,6.0,4.0,21.0,15.0
0022300280,1610612744.0,Golden State,Warriors,GSW,warriors,240:00,16.0,12.0,12.0,38.0,11.0,4.0,15.0,56.0,4.0,6.0,15.0,21.0
0022301202,1610612754.0,Indiana,Pacers,IND,pacers,240:00,17.0,9.0,14.0,44.0,10.0,20.0,10.0,56.0,4.0,9.0,15.0,19.0
0022301202,1610612738.0,Boston,Celtics,BOS,celtics,240:00,10.0,20.0,10.0,56.0,17.0,9.0,14.0,44.0,9.0,4.0,19.0,15.0
0022301204,1610612758.0,Sacramento,Kings,SAC,kings,240:00,12.0,13.0,15.0,38.0,15.0,17.0,14.0,52.0,2.0,7.0,18.0,22.0
0022301204,1610612740.0,New Orleans,Pelicans,NOP,pelicans,240:00,15.0,17.0,14.0,52.0,12.0,13.0,15.0,38.0,7.0,2.0,22.0,18.0
0022301206,1610612765.0,Detroit,Pistons,DET,pistons,240:00,14.0,9.0,15.0,56.0,21.0,6.0,10.0,50.0,6.0,8.0,17.0,9.0
0022301206,1610612763.0,Memphis,Grizzlies,MEM,grizzlies,240:00,21.0,6.0,10.0,50.0,14.0,9.0,15.0,56.0,8.0,6.0,9.0,17.0
0022301230,1610612747.0,Los Angeles,Lakers,LAL,lakers,240:00,19.0,8.0,23.0,52.0,14.0,14.0,12.0,46.0,4.0,5.0,16.0,21.0
0022301230,1610612740.0,New Orleans,Pelicans,NOP,pelicans,240:00,14.0,14.0,12.0,46.0,19.0,8.0,23.0,52.0,5.0,4.0,21.0,16.0
0022301208,1610612764.0,Washington,Wizards,WAS,wizards,240:00,14.0,4.0,23.0,64.0,7.0,15.0,10.0,68.0,6.0,2.0,22.0,14.0
0022301208,1610612755.0,Philadelphia,76ers,PHI,sixers,240:00,7.0,15.0,10.0,68.0,14.0,4.0,23.0,64.0,2.0,6.0,14.0,22.0
0022301229,1610612749.0,Milwaukee,Bucks,MIL,bucks,240:00,16.0,16.0,7.0,60.0,20.0,23.0,11.0,74.0,9.0,8.0,17.0,21.0
0022301229,1610612754.0,Indiana,Pacers,IND,pacers,240:00,20.0,23.0,11.0,74.0,16.0,16.0,7.0,60.0,8.0,9.0,21.0,17.0
0022301210,1610612750.0,Minnesota,Timberwolves,MIN,timberwolves,240:00,14.0,12.0,9.0,48.0,18.0,10.0,17.0,56.0,10.0,4.0,16.0,17.0
0022301210,1610612759.0,San Antonio,Spurs,SAS,spurs,240:00,18.0,10.0,17.0,56.0,14.0,12.0,9.0,48.0,4.0,10.0,17.0,16.0
0022301215,1610612746.0,LA,Clippers,LAC,clippers,240:00,18.0,8.0,20.0,52.0,19.0,15.0,11.0,46.0,9.0,5.0,14.0,20.0
0022301215,1610612743.0,Denver,Nuggets,DEN,nuggets,240:00,19.0,15.0,11.0,46.0,18.0,8.0,20.0,52.0,5.0,9.0,20.0,14.0
0022301201,1610612749.0,Milwaukee,Bucks,MIL,bucks,240:00,27.0,22.0,11.0,50.0,17.0,19.0,11.0,60.0,6.0,4.0,23.0,17.0
0022301201,1610612752.0,New York,Knicks,NYK,knicks,240:00,17.0,19.0,11.0,60.0,27.0,22.0,11.0,50.0,4.0,6.0,17.0,23.0
0022301214,1610612744.0,Golden State,Warriors,GSW,warriors,240:00,16.0,22.0,7.0,46.0,23.0,13.0,9.0,40.0,3.0,3.0,19.0,30.0
0022301214,1610612757.0,Portland,Trail Blazers,POR,blazers,240:00,23.0,13.0,9.0,40.0,16.0,22.0,7.0,46.0,3.0,3.0,30.0,19.0
0022301209,1610612737.0,Atlanta,Hawks,ATL,hawks,240:00,9.0,13.0,18.0,46.0,13.0,12.0,17.0,50.0,4.0,6.0,23.0,19.0
0022301209,1610612751.0,Brooklyn,Nets,BKN,nets,240:00,13.0,12.0,17.0,50.0,9.0,13.0,18.0,46.0,6.0,4.0,19.0,23.0
0022301203,1610612747.0,Los Angeles,Lakers,LAL,lakers,240:00,25.0,19.0,20.0,54.0,18.0,10.0,27.0,42.0,2.0,5.0,19.0,21.0
0022301203,1610612756.0,Phoenix,Suns,PHX,suns,240:00,18.0,10.0,27.0,42.0,25.0,19.0,20.0,54.0,5.0,2.0,21.0,19.0
0022301205,1610612739.0,Cleveland,Cavaliers,CLE,cavaliers,240:00,13.0,19.0,5.0,58.0,20.0,11.0,10.0,68.0,2.0,6.0,27.0,21.0
0022301205,1610612753.0,Orlando,Magic,ORL,magic,240:00,20.0,11.0,10.0,68.0,13.0,19.0,5.0,58.0,6.0,2.0,21.0,27.0
0022301212,1610612745.0,Houston,Rockets,HOU,rockets,240:00,11.0,19.0,10.0,46.0,26.0,5.0,9.0,50.0,5.0,10.0,16.0,21.0
0022301212,1610612760.0,Oklahoma City,Thunder,OKC,thunder,240:00,26.0,5.0,9.0,50.0,11.0,19.0,10.0,46.0,10.0,5.0,21.0,16.0
0022301207,1610612761.0,Toronto,Raptors,TOR,raptors,240:00,8.0,17.0,5.0,42.0,15.0,12.0,4.0,48.0,8.0,4.0,18.0,18.0
0022301207,1610612748.0,Miami,Heat,MIA,heat,240:00,15.0,12.0,4.0,48.0,8.0,17.0,5.0,42.0,4.0,8.0,18.0,18.0
0022301213,1610612742.0,Dallas,Mavericks,DAL,mavericks,240:00,29.0,14.0,31.0,56.0,9.0,14.0,17.0,42.0,5.0,3.0,14.0,20.0
0022301213,1610612762.0,Utah,Jazz,UTA,jazz,240:00,9.0,14.0,17.0,42.0,29.0,14.0,31.0,56.0,3.0,5.0,20.0,14.0
0022301211,1610612741.0,Chicago,Bulls,CHI,bulls,240:00,18.0,16.0,13.0,44.0,19.0,12.0,15.0,52.0,6.0,9.0,16.0,24.0
0022301211,1610612766.0,Charlotte,Hornets,CHA,hornets,240:00,19.0,12.0,15.0,52.0,18.0,16.0,13.0,44.0,9.0,6.0,24.0,16.0
0022301218,1610612755.0,Philadelphia,76ers,PHI,sixers,240:00,13.0,17.0,17.0,48.0,11.0,24.0,11.0,48.0,8.0,4.0,14.0,23.0
0022301218,1610612737.0,Atlanta,Hawks,ATL,hawks,240:00,11.0,24.0,11.0,48.0,13.0,17.0,17.0,48.0,4.0,8.0,23.0,14.0
0022301226,1610612757.0,Portland,Trail Blazers,POR,blazers,240:00,17.0,23.0,22.0,30.0,22.0,21.0,11.0,62.0,1.0,5.0,24.0,23.0
0022301226,1610612742.0,Dallas,Mavericks,DAL,mavericks,240:00,22.0,21.0,11.0,62.0,17.0,23.0,22.0,30.0,5.0,1.0,23.0,24.0
0022301223,1610612759.0,San Antonio,Spurs,SAS,spurs,240:00,7.0,10.0,15.0,44.0,14.0,20.0,13.0,54.0,9.0,2.0,20.0,19.0
0022301223,1610612741.0,Chicago,Bulls,CHI,bulls,240:00,14.0,20.0,13.0,54.0,7.0,10.0,15.0,44.0,2.0,9.0,19.0,20.0
0022301227,1610612738.0,Boston,Celtics,BOS,celtics,240:00,14.0,13.0,13.0,52.0,7.0,21.0,15.0,50.0,5.0,3.0,19.0,20.0
0022301227,1610612752.0,New York,Knicks,NYK,knicks,240:00,7.0,21.0,15.0,50.0,14.0,13.0,13.0,52.0,3.0,5.0,20.0,19.0
0022301221,1610612763.0,Memphis,Grizzlies,MEM,grizzlies,240:00,12.0,9.0,11.0,42.0,13.0,23.0,10.0,48.0,4.0,8.0,23.0,17.0
0022301221,1610612750.0,Minnesota,Timberwolves,MIN,timberwolves,240:00,13.0,23.0,10.0,48.0,12.0,9.0,11.0,42.0,8.0,4.0,17.0,23.0
0022301222,1610612760.0,Oklahoma City,Thunder,OKC,thunder,265:00,35.0,11.0,27.0,78.0,6.0,20.0,4.0,50.0,7.0,2.0,22.0,28.0
0022301222,1610612744.0,Golden State,Warriors,GSW,warriors,265:00,6.0,20.0,4.0,50.0,35.0,11.0,27.0,78.0,2.0,7.0,28.0,22.0
0022301216,1610612766.0,Charlotte,Hornets,CHA,hornets,240:00,15.0,17.0,13.0,50.0,25.0,19.0,21.0,74.0,4.0,2.0,15.0,21.0
0022301216,1610612761.0,Toronto,Raptors,TOR,raptors,240:00,25.0,19.0,21.0,74.0,15.0,17.0,13.0,50.0,2.0,4.0,21.0,15.0
0022301219,1610612751.0,Brooklyn,Nets,BKN,nets,240:00,22.0,20.0,22.0,76.0,9.0,7.0,7.0,56.0,8.0,7.0,18.0,19.0
0022301219,1610612764.0,Washington,Wizards,WAS,wizards,240:00,9.0,7.0,7.0,56.0,22.0,20.0,22.0,76.0,7.0,8.0,19.0,18.0
0022301224,1610612743.0,Denver,Nuggets,DEN,nuggets,240:00,11.0,9.0,10.0,44.0,16.0,10.0,16.0,36.0,5.0,3.0,24.0,20.0
0022301224,1610612745.0,Houston,Rockets,HOU,rockets,240:00,16.0,10.0,16.0,36.0,11.0,9.0,10.0,44.0,3.0,5.0,20.0,24.0
0022301228,1610612756.0,Phoenix,Suns,PHX,suns,240:00,12.0,6.0,13.0,56.0,7.0,16.0,16.0,48.0,5.0,0.0,19.0,22.0
0022301228,1610612758.0,Sacramento,Kings,SAC,kings,240:00,7.0,16.0,16.0,48.0,12.0,6.0,13.0,56.0,0.0,5.0,22.0,19.0
0022301220,1610612748.0,Miami,Heat,MIA,heat,240:00,12.0,10.0,11.0,42.0,22.0,14.0,23.0,42.0,5.0,2.0,23.0,17.0
0022301220,1610612739.0,Cleveland,Cavaliers,CLE,cavaliers,240:00,22.0,14.0,23.0,42.0,12.0,10.0,11.0,42.0,2.0,5.0,17.0,23.0
0022301225,1610612762.0,Utah,Jazz,UTA,jazz,240:00,17.0,10.0,19.0,50.0,21.0,15.0,13.0,46.0,10.0,9.0,17.0,18.0
0022301225,1610612746.0,LA,Clippers,LAC,clippers,240:00,21.0,15.0,13.0,46.0,17.0,10.0,19.0,50.0,9.0,10.0,18.0,17.0
0022301217,1610612753.0,Orlando,Magic,ORL,magic,240:00,19.0,7.0,13.0,74.0,13.0,9.0,11.0,44.0,4.0,2.0,20.0,17.0
0022301217,1610612765.0,Detroit,Pistons,DET,pistons,240:00,13.0,9.0,11.0,44.0,19.0,7.0,13.0,74.0,2.0,4.0,17.0,20.0
0022300300,1610612749.0,Milwaukee,Bucks,MIL,bucks,265:00,9.0,12.0,13.0,50.0,8.0,21.0,7.0,42.0,4.0,4.0,21.0,27.0
0022300300,1610612741.0,Chicago,Bulls,CHI,bulls,265:00,8.0,21.0,7.0,42.0,9.0,12.0,13.0,50.0,4.0,4.0,27.0,21.0
0022300303,1610612758.0,Sacramento,Kings,SAC,kings,240:00,16.0,16.0,15.0,34.0,11.0,11.0,2.0,50.0,3.0,6.0,24.0,13.0
0022300303,1610612751.0,Brooklyn,Nets,BKN,nets,240:00,11.0,11.0,2.0,50.0,16.0,16.0,15.0,34.0,6.0,3.0,13.0,24.0
0022300292,1610612766.0,Charlotte,Hornets,CHA,hornets,240:00,22.0,7.0,8.0,34.0,9.0,7.0,11.0,42.0,2.0,3.0,22.0,22.0
0022300292,1610612748.0,Miami,Heat,MIA,heat,240:00,9.0,7.0,11.0,42.0,22.0,7.0,8.0,34.0,3.0,2.0,22.0,22.0
0022300301,1610612740.0,New Orleans,Pelicans,NOP,pelicans,240:00,21.0,18.0,4.0,56.0,20.0,17.0,8.0,50.0,7.0,3.0,20.0,28.0
0022300301,1610612750.0,Minnesota,Timberwolves,MIN,timberwolves,240:00,20.0,17.0,8.0,50.0,21.0,18.0,4.0,56.0,3.0,7.0,28.0,20.0
0022300295,1610612755.0,Philadelphia,76ers,PHI,sixers,240:00,31.0,11.0,15.0,54.0,21.0,7.0,17.0,50.0,6.0,2.0,27.0,19.0
0022300295,1610612764.0,Washington,Wizards,WAS,wizards,240:00,21.0,7.0,17.0,50.0,31.0,11.0,15.0,54.0,2.0,6.0,19.0,27.0
0022300294,1610612753.0,Orlando,Magic,ORL,magic,240:00,26.0,17.0,8.0,56.0,11.0,17.0,9.0,36.0,8.0,3.0,22.0,23.0
0022300294,1610612739.0,Cleveland,Cavaliers,CLE,cavaliers,240:00,11.0,17.0,9.0,36.0,26.0,17.0,8.0,56.0,3.0,8.0,23.0,22.0
0022300293,1610612765.0,Detroit,Pistons,DET,pistons,240:00,21.0,10.0,18.0,60.0,19.0,21.0,23.0,62.0,4.0,5.0,18.0,20.0
0022300293,1610612754.0,Indiana,Pacers,IND,pacers,240:00,19.0,21.0,23.0,62.0,21.0,10.0,18.0,60.0,5.0,4.0,20.0,18.0
0022300304,1610612746.0,LA,Clippers,LAC,clippers,,0.0,0.0,0.0,0.0,0.0,0.0,0.0,0.0,0.0,0.0,0.0,0.0
0022300304,1610612757.0,Portland,Trail Blazers,POR,blazers,,0.0,0.0,0.0,0.0,0.0,0.0,0.0,0.0,0.0,0.0,0.0,0.0
0022300299,1610612763.0,Memphis,Grizzlies,MEM,grizzlies,240:00,21.0,10.0,15.0,42.0,26.0,21.0,7.0,48.0,5.0,9.0,19.0,17.0
0022300299,1610612742.0,Dallas,Mavericks,DAL,mavericks,240:00,26.0,21.0,7.0,48.0,21.0,10.0,15.0,42.0,9.0,5.0,17.0,19.0
0022300298,1610612745.0,Houston,Rockets,HOU,rockets,240:00,10.0,11.0,10.0,34.0,4.0,8.0,11.0,46.0,2.0,5.0,18.0,14.0
0022300298,1610612759.0,San Antonio,Spurs,SAS,spurs,240:00,4.0,8.0,11.0,46.0,10.0,11.0,10.0,34.0,5.0,2.0,14.0,18.0
0022300297,1610612752.0,New York,Knicks,NYK,knicks,240:00,17.0,15.0,14.0,56.0,13.0,23.0,16.0,52.0,3.0,0.0,22.0,21.0
0022300297,1610612761.0,Toronto,Raptors,TOR,raptors,240:00,13.0,23.0,16.0,52.0,17.0,15.0,14.0,56.0,0.0,3.0,21.0,22.0
0022300296,1610612737.0,Atlanta,Hawks,ATL,hawks,240:00,25.0,20.0,14.0,46.0,14.0,19.0,11.0,64.0,2.0,8.0,21.0,19.0
0022300296,1610612743.0,Denver,Nuggets,DEN,nuggets,240:00,14.0,19.0,11.0,64.0,25.0,20.0,14.0,46.0,8.0,2.0,19.0,21.0
0022300302,1610612760.0,Oklahoma City,Thunder,OKC,thunder,240:00,28.0,11.0,21.0,58.0,15.0,7.0,15.0,62.0,7.0,9.0,17.0,21.0
0022300302,1610612762.0,Utah,Jazz,UTA,jazz,240:00,15.0,7.0,15.0,62.0,28.0,11.0,21.0,58.0,9.0,7.0,21.0,17.0
0022300307,1610612741.0,Chicago,Bulls,CHI,bulls,240:00,10.0,13.0,16.0,38.0,19.0,11.0,9.0,44.0,9.0,4.0,22.0,20.0
0022300307,1610612743.0,Denver,Nuggets,DEN,nuggets,240:00,19.0,11.0,9.0,44.0,10.0,13.0,16.0,38.0,4.0,9.0,20.0,22.0
0022300309,1610612746.0,LA,Clippers,LAC,clippers,240:00,18.0,14.0,7.0,62.0,20.0,13.0,12.0,48.0,2.0,2.0,17.0,19.0
0022300309,1610612758.0,Sacramento,Kings,SAC,kings,240:00,20.0,13.0,12.0,48.0,18.0,14.0,7.0,62.0,2.0,2.0,19.0,17.0
0022300306,1610612742.0,Dallas,Mavericks,DAL,mavericks,240:00,24.0,11.0,16.0,42.0,11.0,16.0,13.0,62.0,5.0,4.0,17.0,20.0
0022300306,1610612747.0,Los Angeles,Lakers,LAL,lakers,240:00,11.0,16.0,13.0,62.0,24.0,11.0,16.0,42.0,4.0,5.0,20.0,17.0
0022300305,1610612738.0,Boston,Celtics,BOS,celtics,240:00,19.0,13.0,9.0,34.0,15.0,15.0,9.0,34.0,9.0,4.0,13.0,18.0
0022300305,1610612739.0,Cleveland,Cavaliers,CLE,cavaliers,240:00,15.0,15.0,9.0,34.0,19.0,13.0,9.0,34.0,4.0,9.0,18.0,13.0
0022300308,1610612756.0,Phoenix,Suns,PHX,suns,240:00,17.0,7.0,9.0,36.0,25.0,10.0,16.0,46.0,7.0,1.0,22.0,28.0
0022300308,1610612744.0,Golden State,Warriors,GSW,warriors,240:00,25.0,10.0,16.0,46.0,17.0,7.0,9.0,36.0,1.0,7.0,28.0,22.0
0022300316,1610612759.0,San Antonio,Spurs,SAS,spurs,240:00,24.0,9.0,17.0,58.0,17.0,4.0,21.0,62.0,6.0,4.0,16.0,16.0
0022300316,1610612747.0,Los Angeles,Lakers,LAL,lakers,240:00,17.0,4.0,21.0,62.0,24.0,9.0,17.0,58.0,4.0,6.0,16.0,16.0
0022300311,1610612764.0,Washington,Wizards,WAS,wizards,240:00,16.0,2.0,13.0,38.0,27.0,13.0,16.0,56.0,6.0,3.0,16.0,17.0
0022300311,1610612740.0,New Orleans,Pelicans,NOP,pelicans,240:00,27.0,13.0,16.0,56.0,16.0,2.0,13.0,38.0,3.0,6.0,17.0,16.0
0022300313,1610612761.0,Toronto,Raptors,TOR,raptors,240:00,9.0,14.0,26.0,52.0,20.0,11.0,12.0,54.0,9.0,8.0,18.0,18.0
0022300313,1610612737.0,Atlanta,Hawks,ATL,hawks,240:00,20.0,11.0,12.0,54.0,9.0,14.0,26.0,52.0,8.0,9.0,18.0,18.0
0022300310,1610612765.0,Detroit,Pistons,DET,pistons,240:00,11.0,8.0,18.0,46.0,14.0,20.0,12.0,50.0,3.0,4.0,22.0,20.0
0022300310,1610612755.0,Philadelphia,76ers,PHI,sixers,240:00,14.0,20.0,12.0,50.0,11.0,8.0,18.0,46.0,4.0,3.0,20.0,22.0
0022300312,1610612748.0,Miami,Heat,MIA,heat,240:00,32.0,18.0,12.0,46.0,13.0,8.0,14.0,44.0,3.0,5.0,12.0,18.0
0022300312,1610612766.0,Charlotte,Hornets,CHA,hornets,240:00,13.0,8.0,14.0,44.0,32.0,18.0,12.0,46.0,5.0,3.0,18.0,12.0
0022300314,1610612745.0,Houston,Rockets,HOU,rockets,240:00,10.0,19.0,6.0,48.0,23.0,3.0,6.0,34.0,3.0,4.0,28.0,30.0
0022300314,1610612763.0,Memphis,Grizzlies,MEM,grizzlies,240:00,23.0,3.0,6.0,34.0,10.0,19.0,6.0,48.0,4.0,3.0,30.0,28.0
0022300315,1610612749.0,Milwaukee,Bucks,MIL,bucks,240:00,29.0,18.0,27.0,70.0,24.0,25.0,19.0,56.0,8.0,5.0,24.0,32.0
0022300315,1610612754.0,Indiana,Pacers,IND,pacers,240:00,24.0,25.0,19.0,56.0,29.0,18.0,27.0,70.0,5.0,8.0,32.0,24.0
0022300318,1610612762.0,Utah,Jazz,UTA,jazz,240:00,10.0,17.0,11.0,50.0,19.0,21.0,14.0,52.0,4.0,4.0,27.0,21.0
0022300318,1610612752.0,New York,Knicks,NYK,knicks,240:00,19.0,21.0,14.0,52.0,10.0,17.0,11.0,50.0,4.0,4.0,21.0,27.0
0022300317,1610612756.0,Phoenix,Suns,PHX,suns,240:00,4.0,8.0,13.0,50.0,15.0,16.0,13.0,50.0,4.0,4.0,20.0,17.0
0022300317,1610612751.0,Brooklyn,Nets,BKN,nets,240:00,15.0,16.0,13.0,50.0,4.0,8.0,13.0,50.0,4.0,4.0,17.0,20.0
0022300323,1610612757.0,Portland,Trail Blazers,POR,blazers,240:00,19.0,32.0,23.0,50.0,19.0,13.0,21.0,72.0,4.0,9.0,12.0,14.0
0022300323,1610612762.0,Utah,Jazz,UTA,jazz,240:00,19.0,13.0,21.0,72.0,19.0,32.0,23.0,50.0,9.0,4.0,14.0,12.0
0022300320,1610612748.0,Miami,Heat,MIA,heat,240:00,5.0,8.0,16.0,38.0,17.0,14.0,15.0,52.0,1.0,2.0,20.0,23.0
0022300320,1610612741.0,Chicago,Bulls,CHI,bulls,240:00,17.0,14.0,15.0,52.0,5.0,8.0,16.0,38.0,2.0,1.0,23.0,20.0
0022300332,1610612763.0,Memphis,Grizzlies,MEM,grizzlies,240:00,7.0,19.0,4.0,44.0,16.0,15.0,17.0,34.0,8.0,10.0,24.0,19.0
0022300332,1610612745.0,Houston,Rockets,HOU,rockets,240:00,16.0,15.0,17.0,34.0,7.0,19.0,4.0,44.0,10.0,8.0,19.0,24.0
0022300330,1610612761.0,Toronto,Raptors,TOR,raptors,240:00,19.0,3.0,16.0,52.0,13.0,24.0,10.0,64.0,6.0,4.0,19.0,19.0
0022300330,1610612737.0,Atlanta,Hawks,ATL,hawks,240:00,13.0,24.0,10.0,64.0,19.0,3.0,16.0,52.0,4.0,6.0,19.0,19.0
0022300329,1610612738.0,Boston,Celtics,BOS,celtics,240:00,26.0,15.0,18.0,52.0,17.0,17.0,8.0,52.0,7.0,2.0,22.0,22.0
0022300329,1610612753.0,Orlando,Magic,ORL,magic,240:00,17.0,17.0,8.0,52.0,26.0,15.0,18.0,52.0,2.0,7.0,22.0,22.0
0022300319,1610612738.0,Boston,Celtics,BOS,celtics,240:00,21.0,16.0,18.0,50.0,20.0,14.0,11.0,50.0,8.0,1.0,15.0,18.0
0022300319,1610612739.0,Cleveland,Cavaliers,CLE,cavaliers,240:00,20.0,14.0,11.0,50.0,21.0,16.0,18.0,50.0,1.0,8.0,18.0,15.0
0022300331,1610612759.0,San Antonio,Spurs,SAS,spurs,240:00,16.0,15.0,19.0,44.0,13.0,12.0,20.0,58.0,5.0,5.0,19.0,15.0
0022300331,1610612747.0,Los Angeles,Lakers,LAL,lakers,240:00,13.0,12.0,20.0,58.0,16.0,15.0,19.0,44.0,5.0,5.0,15.0,19.0
0022300324,1610612758.0,Sacramento,Kings,SAC,kings,240:00,12.0,22.0,7.0,50.0,20.0,12.0,14.0,62.0,4.0,7.0,22.0,25.0
0022300324,1610612760.0,Oklahoma City,Thunder,OKC,thunder,240:00,20.0,12.0,14.0,62.0,12.0,22.0,7.0,50.0,7.0,4.0,25.0,22.0
0022300327,1610612755.0,Philadelphia,76ers,PHI,sixers,240:00,24.0,26.0,32.0,40.0,5.0,10.0,15.0,54.0,8.0,7.0,23.0,25.0
0022300327,1610612765.0,Detroit,Pistons,DET,pistons,240:00,5.0,10.0,15.0,54.0,24.0,26.0,32.0,40.0,7.0,8.0,25.0,23.0
0022300328,1610612764.0,Washington,Wizards,WAS,wizards,240:00,16.0,22.0,26.0,68.0,20.0,19.0,13.0,56.0,8.0,8.0,18.0,25.0
0022300328,1610612754.0,Indiana,Pacers,IND,pacers,240:00,20.0,19.0,13.0,56.0,16.0,22.0,26.0,68.0,8.0,8.0,25.0,18.0
0022300333,1610612756.0,Phoenix,Suns,PHX,suns,240:00,20.0,14.0,7.0,60.0,20.0,17.0,11.0,56.0,3.0,5.0,17.0,20.0
0022300333,1610612752.0,New York,Knicks,NYK,knicks,240:00,20.0,17.0,11.0,56.0,20.0,14.0,7.0,60.0,5.0,3.0,20.0,17.0
0022300322,1610612743.0,Denver,Nuggets,DEN,nuggets,240:00,19.0,13.0,24.0,62.0,8.0,17.0,14.0,56.0,6.0,4.0,15.0,23.0
0022300322,1610612751.0,Brooklyn,Nets,BKN,nets,240:00,8.0,17.0,14.0,56.0,19.0,13.0,24.0,62.0,4.0,6.0,23.0,15.0
0022300321,1610612742.0,Dallas,Mavericks,DAL,mavericks,240:00,15.0,7.0,14.0,58.0,16.0,14.0,14.0,54.0,2.0,4.0,19.0,19.0
0022300321,1610612750.0,Minnesota,Timberwolves,MIN,timberwolves,240:00,16.0,14.0,14.0,54.0,15.0,7.0,14.0,58.0,4.0,2.0,19.0,19.0
0022300326,1610612766.0,Charlotte,Hornets,CHA,hornets,240:00,19.0,10.0,15.0,56.0,9.0,13.0,5.0,54.0,4.0,5.0,24.0,17.0
0022300326,1610612740.0,New Orleans,Pelicans,NOP,pelicans,240:00,9.0,13.0,5.0,54.0,19.0,10.0,15.0,56.0,5.0,4.0,17.0,24.0
0022300325,1610612746.0,LA,Clippers,LAC,clippers,240:00,13.0,15.0,9.0,48.0,9.0,15.0,10.0,40.0,9.0,2.0,20.0,24.0
0022300325,1610612744.0,Golden State,Warriors,GSW,warriors,240:00,9.0,15.0,10.0,40.0,13.0,15.0,9.0,48.0,2.0,9.0,24.0,20.0
0022300337,1610612748.0,Miami,Heat,MIA,heat,240:00,24.0,10.0,15.0,44.0,18.0,12.0,15.0,34.0,2.0,4.0,19.0,19.0
0022300337,1610612741.0,Chicago,Bulls,CHI,bulls,240:00,18.0,12.0,15.0,34.0,24.0,10.0,15.0,44.0,4.0,2.0,19.0,19.0
0022300335,1610612766.0,Charlotte,Hornets,CHA,hornets,240:00,9.0,6.0,5.0,46.0,12.0,12.0,16.0,64.0,4.0,6.0,14.0,17.0
0022300335,1610612755.0,Philadelphia,76ers,PHI,sixers,240:00,12.0,12.0,16.0,64.0,9.0,6.0,5.0,46.0,6.0,4.0,17.0,14.0
0022300346,1610612749.0,Milwaukee,Bucks,MIL,bucks,240:00,15.0,22.0,9.0,54.0,22.0,5.0,13.0,52.0,1.0,4.0,23.0,21.0
0022300346,1610612745.0,Houston,Rockets,HOU,rockets,240:00,22.0,5.0,13.0,52.0,15.0,22.0,9.0,54.0,4.0,1.0,21.0,23.0
0022300343,1610612746.0,LA,Clippers,LAC,clippers,240:00,13.0,12.0,20.0,60.0,13.0,15.0,21.0,62.0,6.0,4.0,21.0,22.0
0022300343,1610612752.0,New York,Knicks,NYK,knicks,240:00,13.0,15.0,21.0,62.0,13.0,12.0,20.0,60.0,4.0,6.0,22.0,21.0
0022300341,1610612757.0,Portland,Trail Blazers,POR,blazers,240:00,20.0,10.0,16.0,72.0,15.0,11.0,15.0,52.0,2.0,2.0,21.0,17.0
0022300341,1610612742.0,Dallas,Mavericks,DAL,mavericks,240:00,15.0,11.0,15.0,52.0,20.0,10.0,16.0,72.0,2.0,2.0,17.0,21.0
0022300345,1610612759.0,San Antonio,Spurs,SAS,spurs,240:00,20.0,7.0,3.0,46.0,16.0,16.0,19.0,56.0,6.0,3.0,15.0,19.0
0022300345,1610612740.0,New Orleans,Pelicans,NOP,pelicans,240:00,16.0,16.0,19.0,56.0,20.0,7.0,3.0,46.0,3.0,6.0,19.0,15.0
0022300339,1610612744.0,Golden State,Warriors,GSW,warriors,240:00,23.0,22.0,11.0,36.0,29.0,11.0,28.0,50.0,5.0,8.0,15.0,21.0
0022300339,1610612751.0,Brooklyn,Nets,BKN,nets,240:00,29.0,11.0,28.0,50.0,23.0,22.0,11.0,36.0,8.0,5.0,21.0,15.0
0022300338,1610612750.0,Minnesota,Timberwolves,MIN,timberwolves,240:00,14.0,8.0,2.0,50.0,15.0,17.0,16.0,72.0,4.0,6.0,16.0,15.0
0022300338,1610612754.0,Indiana,Pacers,IND,pacers,240:00,15.0,17.0,16.0,72.0,14.0,8.0,2.0,50.0,6.0,4.0,15.0,16.0
0022300347,1610612756.0,Phoenix,Suns,PHX,suns,240:00,9.0,19.0,17.0,50.0,19.0,12.0,11.0,46.0,6.0,6.0,16.0,25.0
0022300347,1610612764.0,Washington,Wizards,WAS,wizards,240:00,19.0,12.0,11.0,46.0,9.0,19.0,17.0,50.0,6.0,6.0,25.0,16.0
0022300342,1610612758.0,Sacramento,Kings,SAC,kings,240:00,20.0,13.0,16.0,48.0,17.0,15.0,2.0,52.0,2.0,3.0,17.0,12.0
0022300342,1610612762.0,Utah,Jazz,UTA,jazz,240:00,17.0,15.0,2.0,52.0,20.0,13.0,16.0,48.0,3.0,2.0,12.0,17.0
0022300334,1610612749.0,Milwaukee,Bucks,MIL,bucks,240:00,14.0,26.0,10.0,50.0,18.0,20.0,12.0,64.0,8.0,4.0,24.0,23.0
0022300334,1610612765.0,Detroit,Pistons,DET,pistons,240:00,18.0,20.0,12.0,64.0,14.0,26.0,10.0,50.0,4.0,8.0,23.0,24.0
0022300340,1610612743.0,Denver,Nuggets,DEN,nuggets,240:00,11.0,15.0,11.0,52.0,15.0,12.0,18.0,64.0,0.0,9.0,22.0,19.0
0022300340,1610612760.0,Oklahoma City,Thunder,OKC,thunder,240:00,15.0,12.0,18.0,64.0,11.0,15.0,11.0,52.0,9.0,0.0,19.0,22.0
0022300348,1610612757.0,Portland,Trail Blazers,POR,blazers,240:00,12.0,18.0,30.0,50.0,19.0,14.0,9.0,52.0,4.0,4.0,20.0,20.0
0022300348,1610612744.0,Golden State,Warriors,GSW,warriors,240:00,19.0,14.0,9.0,52.0,12.0,18.0,30.0,50.0,4.0,4.0,20.0,20.0
0022300336,1610612739.0,Cleveland,Cavaliers,CLE,cavaliers,240:00,19.0,33.0,4.0,60.0,16.0,9.0,7.0,42.0,3.0,4.0,22.0,21.0
0022300336,1610612737.0,Atlanta,Hawks,ATL,hawks,240:00,16.0,9.0,7.0,42.0,19.0,33.0,4.0,60.0,4.0,3.0,21.0,22.0
0022300344,1610612738.0,Boston,Celtics,BOS,celtics,240:00,6.0,17.0,23.0,44.0,15.0,11.0,14.0,34.0,10.0,4.0,19.0,16.0
0022300344,1610612753.0,Orlando,Magic,ORL,magic,240:00,15.0,11.0,14.0,34.0,6.0,17.0,23.0,44.0,4.0,10.0,16.0,19.0
0022300355,1610612760.0,Oklahoma City,Thunder,OKC,thunder,240:00,31.0,9.0,17.0,58.0,18.0,6.0,8.0,22.0,10.0,3.0,18.0,19.0
0022300355,1610612763.0,Memphis,Grizzlies,MEM,grizzlies,240:00,18.0,6.0,8.0,22.0,31.0,9.0,17.0,58.0,3.0,10.0,19.0,18.0
0022300359,1610612747.0,Los Angeles,Lakers,LAL,lakers,240:00,13.0,14.0,18.0,52.0,5.0,10.0,14.0,62.0,3.0,6.0,17.0,16.0
0022300359,1610612752.0,New York,Knicks,NYK,knicks,240:00,5.0,10.0,14.0,62.0,13.0,14.0,18.0,52.0,6.0,3.0,16.0,17.0
0022300353,1610612748.0,Miami,Heat,MIA,heat,240:00,20.0,10.0,12.0,54.0,18.0,12.0,22.0,56.0,4.0,9.0,18.0,19.0
0022300353,1610612750.0,Minnesota,Timberwolves,MIN,timberwolves,240:00,18.0,12.0,22.0,56.0,20.0,10.0,12.0,54.0,9.0,4.0,19.0,18.0
0022300351,1610612755.0,Philadelphia,76ers,PHI,sixers,240:00,13.0,15.0,13.0,44.0,14.0,9.0,13.0,46.0,8.0,9.0,17.0,15.0
0022300351,1610612741.0,Chicago,Bulls,CHI,bulls,240:00,14.0,9.0,13.0,46.0,13.0,15.0,13.0,44.0,9.0,8.0,15.0,17.0
0022300358,1610612758.0,Sacramento,Kings,SAC,kings,240:00,8.0,19.0,15.0,66.0,11.0,7.0,15.0,46.0,5.0,6.0,24.0,21.0
0022300358,1610612764.0,Washington,Wizards,WAS,wizards,240:00,11.0,7.0,15.0,46.0,8.0,19.0,15.0,66.0,6.0,5.0,21.0,24.0
0022300356,1610612743.0,Denver,Nuggets,DEN,nuggets,240:00,13.0,6.0,32.0,60.0,11.0,14.0,13.0,48.0,4.0,0.0,19.0,20.0
0022300356,1610612742.0,Dallas,Mavericks,DAL,mavericks,240:00,11.0,14.0,13.0,48.0,13.0,6.0,32.0,60.0,0.0,4.0,20.0,19.0
0022300357,1610612762.0,Utah,Jazz,UTA,jazz,240:00,13.0,16.0,30.0,54.0,16.0,15.0,10.0,38.0,8.0,9.0,20.0,17.0
0022300357,1610612751.0,Brooklyn,Nets,BKN,nets,240:00,16.0,15.0,10.0,38.0,13.0,16.0,30.0,54.0,9.0,8.0,17.0,20.0
0022300363,1610612757.0,Portland,Trail Blazers,POR,blazers,240:00,15.0,13.0,6.0,36.0,23.0,11.0,20.0,62.0,4.0,6.0,18.0,15.0
0022300363,1610612756.0,Phoenix,Suns,PHX,suns,240:00,23.0,11.0,20.0,62.0,15.0,13.0,6.0,36.0,6.0,4.0,15.0,18.0
0022300352,1610612737.0,Atlanta,Hawks,ATL,hawks,240:00,16.0,13.0,8.0,54.0,22.0,22.0,21.0,68.0,10.0,3.0,24.0,26.0
0022300352,1610612765.0,Detroit,Pistons,DET,pistons,240:00,22.0,22.0,21.0,68.0,16.0,13.0,8.0,54.0,3.0,10.0,26.0,24.0
0022300360,1610612740.0,New Orleans,Pelicans,NOP,pelicans,240:00,26.0,8.0,11.0,50.0,21.0,17.0,13.0,62.0,3.0,7.0,23.0,19.0
0022300360,1610612763.0,Memphis,Grizzlies,MEM,grizzlies,240:00,21.0,17.0,13.0,62.0,26.0,8.0,11.0,50.0,7.0,3.0,19.0,23.0
0022300349,1610612739.0,Cleveland,Cavaliers,CLE,cavaliers,265:00,19.0,26.0,12.0,50.0,15.0,20.0,13.0,60.0,8.0,5.0,25.0,32.0
0022300349,1610612745.0,Houston,Rockets,HOU,rockets,265:00,15.0,20.0,13.0,60.0,19.0,26.0,12.0,50.0,5.0,8.0,32.0,25.0
0022300350,1610612754.0,Indiana,Pacers,IND,pacers,240:00,18.0,15.0,20.0,62.0,17.0,14.0,11.0,60.0,7.0,9.0,21.0,19.0
0022300350,1610612746.0,LA,Clippers,LAC,clippers,240:00,17.0,14.0,11.0,60.0,18.0,15.0,20.0,62.0,9.0,7.0,19.0,21.0
0022300361,1610612749.0,Milwaukee,Bucks,MIL,bucks,240:00,18.0,16.0,22.0,48.0,9.0,10.0,14.0,66.0,7.0,4.0,15.0,17.0
0022300361,1610612759.0,San Antonio,Spurs,SAS,spurs,240:00,9.0,10.0,14.0,66.0,18.0,16.0,22.0,48.0,4.0,7.0,17.0,15.0
0022300362,1610612744.0,Golden State,Warriors,GSW,warriors,265:00,9.0,13.0,15.0,54.0,12.0,19.0,19.0,56.0,5.0,5.0,15.0,13.0
0022300362,1610612738.0,Boston,Celtics,BOS,celtics,265:00,12.0,19.0,19.0,56.0,9.0,13.0,15.0,54.0,5.0,5.0,13.0,15.0
0022300354,1610612761.0,Toronto,Raptors,TOR,raptors,240:00,17.0,20.0,15.0,64.0,23.0,14.0,17.0,52.0,4.0,6.0,16.0,19.0
0022300354,1610612766.0,Charlotte,Hornets,CHA,hornets,240:00,23.0,14.0,17.0,52.0,17.0,20.0,15.0,64.0,6.0,4.0,19.0,16.0
0022300389,1610612746.0,LA,Clippers,LAC,clippers,240:00,4.0,8.0,13.0,50.0,13.0,23.0,21.0,46.0,4.0,5.0,24.0,19.0
0022300389,1610612738.0,Boston,Celtics,BOS,celtics,240:00,13.0,23.0,21.0,46.0,4.0,8.0,13.0,50.0,5.0,4.0,19.0,24.0
0022300386,1610612744.0,Golden State,Warriors,GSW,warriors,240:00,5.0,13.0,18.0,50.0,19.0,19.0,23.0,60.0,2.0,4.0,17.0,16.0
0022300386,1610612764.0,Washington,Wizards,WAS,wizards,240:00,19.0,19.0,23.0,60.0,5.0,13.0,18.0,50.0,4.0,2.0,16.0,17.0
0022300373,1610612758.0,Sacramento,Kings,SAC,kings,240:00,10.0,20.0,6.0,40.0,14.0,18.0,30.0,48.0,8.0,10.0,15.0,17.0
0022300373,1610612738.0,Boston,Celtics,BOS,celtics,240:00,14.0,18.0,30.0,48.0,10.0,20.0,6.0,40.0,10.0,8.0,17.0,15.0
0022300372,1610612742.0,Dallas,Mavericks,DAL,mavericks,240:00,22.0,19.0,13.0,38.0,14.0,8.0,22.0,60.0,3.0,4.0,19.0,22.0
0022300372,1610612746.0,LA,Clippers,LAC,clippers,240:00,14.0,8.0,22.0,60.0,22.0,19.0,13.0,38.0,4.0,3.0,22.0,19.0
0022300393,1610612737.0,Atlanta,Hawks,ATL,hawks,240:00,19.0,21.0,12.0,58.0,24.0,19.0,21.0,76.0,5.0,7.0,22.0,16.0
0022300393,1610612763.0,Memphis,Grizzlies,MEM,grizzlies,240:00,24.0,19.0,21.0,76.0,19.0,21.0,12.0,58.0,7.0,5.0,16.0,22.0
0022300376,1610612741.0,Chicago,Bulls,CHI,bulls,240:00,20.0,8.0,11.0,58.0,8.0,8.0,21.0,46.0,5.0,7.0,18.0,11.0
0022300376,1610612759.0,San Antonio,Spurs,SAS,spurs,240:00,8.0,8.0,21.0,46.0,20.0,8.0,11.0,58.0,7.0,5.0,11.0,18.0
0022300377,1610612763.0,Memphis,Grizzlies,MEM,grizzlies,240:00,21.0,15.0,10.0,48.0,19.0,10.0,21.0,32.0,7.0,9.0,14.0,21.0
0022300377,1610612754.0,Indiana,Pacers,IND,pacers,240:00,19.0,10.0,21.0,32.0,21.0,15.0,10.0,48.0,9.0,7.0,21.0,14.0
0022300364,1610612739.0,Cleveland,Cavaliers,CLE,cavaliers,240:00,26.0,23.0,15.0,38.0,17.0,9.0,8.0,46.0,3.0,6.0,23.0,22.0
0022300364,1610612762.0,Utah,Jazz,UTA,jazz,240:00,17.0,9.0,8.0,46.0,26.0,23.0,15.0,38.0,6.0,3.0,22.0,23.0
0022300394,1610612751.0,Brooklyn,Nets,BKN,nets,240:00,22.0,18.0,12.0,64.0,8.0,9.0,20.0,42.0,3.0,3.0,22.0,25.0
0022300394,1610612765.0,Detroit,Pistons,DET,pistons,240:00,8.0,9.0,20.0,42.0,22.0,18.0,12.0,64.0,3.0,3.0,25.0,22.0
0022300378,1610612749.0,Milwaukee,Bucks,MIL,bucks,240:00,6.0,15.0,23.0,40.0,14.0,13.0,11.0,60.0,6.0,9.0,22.0,23.0
0022300378,1610612753.0,Orlando,Magic,ORL,magic,240:00,14.0,13.0,11.0,60.0,6.0,15.0,23.0,40.0,9.0,6.0,23.0,22.0
0022300367,1610612755.0,Philadelphia,76ers,PHI,sixers,240:00,28.0,15.0,9.0,48.0,17.0,10.0,14.0,58.0,3.0,2.0,25.0,22.0
0022300367,1610612750.0,Minnesota,Timberwolves,MIN,timberwolves,240:00,17.0,10.0,14.0,58.0,28.0,15.0,9.0,48.0,2.0,3.0,22.0,25.0
0022300391,1610612754.0,Indiana,Pacers,IND,pacers,240:00,21.0,8.0,15.0,40.0,22.0,16.0,14.0,64.0,6.0,5.0,30.0,18.0
0022300391,1610612753.0,Orlando,Magic,ORL,magic,240:00,22.0,16.0,14.0,64.0,21.0,8.0,15.0,40.0,5.0,6.0,18.0,30.0
0022300384,1610612748.0,Miami,Heat,MIA,heat,240:00,15.0,16.0,9.0,36.0,22.0,13.0,10.0,40.0,2.0,2.0,18.0,23.0
0022300384,1610612737.0,Atlanta,Hawks,ATL,hawks,240:00,22.0,13.0,10.0,40.0,15.0,16.0,9.0,36.0,2.0,2.0,23.0,18.0
0022300369,1610612761.0,Toronto,Raptors,TOR,raptors,240:00,15.0,10.0,12.0,56.0,16.0,18.0,22.0,62.0,5.0,9.0,12.0,13.0
0022300369,1610612743.0,Denver,Nuggets,DEN,nuggets,240:00,16.0,18.0,22.0,62.0,15.0,10.0,12.0,56.0,9.0,5.0,13.0,12.0
0022300383,1610612751.0,Brooklyn,Nets,BKN,nets,240:00,9.0,18.0,16.0,58.0,12.0,13.0,9.0,54.0,7.0,5.0,23.0,19.0
0022300383,1610612743.0,Denver,Nuggets,DEN,nuggets,240:00,12.0,13.0,9.0,54.0,9.0,18.0,16.0,58.0,5.0,7.0,19.0,23.0
0022300385,1610612745.0,Houston,Rockets,HOU,rockets,240:00,12.0,17.0,29.0,66.0,20.0,11.0,26.0,50.0,3.0,1.0,22.0,17.0
0022300385,1610612742.0,Dallas,Mavericks,DAL,mavericks,240:00,20.0,11.0,26.0,50.0,12.0,17.0,29.0,66.0,1.0,3.0,17.0,22.0
0022300371,1610612745.0,Houston,Rockets,HOU,rockets,240:00,16.0,17.0,15.0,50.0,12.0,15.0,7.0,50.0,6.0,3.0,23.0,18.0
0022300371,1610612737.0,Atlanta,Hawks,ATL,hawks,240:00,12.0,15.0,7.0,50.0,16.0,17.0,15.0,50.0,3.0,6.0,18.0,23.0
0022300365,1610612754.0,Indiana,Pacers,IND,pacers,240:00,20.0,19.0,13.0,52.0,21.0,22.0,6.0,60.0,8.0,0.0,20.0,18.0
0022300365,1610612766.0,Charlotte,Hornets,CHA,hornets,240:00,21.0,22.0,6.0,60.0,20.0,19.0,13.0,52.0,0.0,8.0,18.0,20.0
0022300379,1610612760.0,Oklahoma City,Thunder,OKC,thunder,240:00,20.0,11.0,17.0,58.0,14.0,18.0,15.0,50.0,5.0,5.0,11.0,18.0
0022300379,1610612746.0,LA,Clippers,LAC,clippers,240:00,14.0,18.0,15.0,50.0,20.0,11.0,17.0,58.0,5.0,5.0,18.0,11.0
0022300374,1610612765.0,Detroit,Pistons,DET,pistons,240:00,17.0,11.0,10.0,54.0,27.0,23.0,12.0,64.0,9.0,7.0,19.0,18.0
0022300374,1610612762.0,Utah,Jazz,UTA,jazz,240:00,27.0,23.0,12.0,64.0,17.0,11.0,10.0,54.0,7.0,9.0,18.0,19.0
0022300375,1610612739.0,Cleveland,Cavaliers,CLE,cavaliers,240:00,7.0,12.0,15.0,44.0,19.0,9.0,24.0,52.0,3.0,4.0,13.0,15.0
0022300375,1610612740.0,New Orleans,Pelicans,NOP,pelicans,240:00,19.0,9.0,24.0,52.0,7.0,12.0,15.0,44.0,4.0,3.0,15.0,13.0
0022300399,1610612744.0,Golden State,Warriors,GSW,warriors,240:00,22.0,15.0,9.0,62.0,14.0,8.0,8.0,42.0,2.0,3.0,14.0,20.0
0022300399,1610612757.0,Portland,Trail Blazers,POR,blazers,240:00,14.0,8.0,8.0,42.0,22.0,15.0,9.0,62.0,3.0,2.0,20.0,14.0
0022300368,1610612751.0,Brooklyn,Nets,BKN,nets,240:00,16.0,15.0,16.0,40.0,14.0,14.0,21.0,52.0,9.0,7.0,20.0,15.0
0022300368,1610612752.0,New York,Knicks,NYK,knicks,240:00,14.0,14.0,21.0,52.0,16.0,15.0,16.0,40.0,7.0,9.0,15.0,20.0
0022300398,1610612742.0,Dallas,Mavericks,DAL,mavericks,240:00,15.0,23.0,13.0,54.0,14.0,8.0,24.0,50.0,6.0,3.0,18.0,16.0
0022300398,1610612759.0,San Antonio,Spurs,SAS,spurs,240:00,14.0,8.0,24.0,50.0,15.0,23.0,13.0,54.0,3.0,6.0,16.0,18.0
0022300390,1610612766.0,Charlotte,Hornets,CHA,hornets,240:00,26.0,15.0,13.0,44.0,23.0,13.0,12.0,48.0,11.0,13.0,15.0,21.0
0022300390,1610612743.0,Denver,Nuggets,DEN,nuggets,240:00,23.0,13.0,12.0,48.0,26.0,15.0,13.0,44.0,13.0,11.0,21.0,15.0
0022300396,1610612741.0,Chicago,Bulls,CHI,bulls,240:00,19.0,4.0,16.0,42.0,12.0,30.0,6.0,44.0,5.0,4.0,22.0,16.0
0022300396,1610612739.0,Cleveland,Cavaliers,CLE,cavaliers,240:00,12.0,30.0,6.0,44.0,19.0,4.0,16.0,42.0,4.0,5.0,16.0,22.0
0022300400,1610612758.0,Sacramento,Kings,SAC,kings,240:00,10.0,6.0,5.0,52.0,16.0,4.0,28.0,66.0,2.0,5.0,20.0,18.0
0022300400,1610612750.0,Minnesota,Timberwolves,MIN,timberwolves,240:00,16.0,4.0,28.0,66.0,10.0,6.0,5.0,52.0,5.0,2.0,18.0,20.0
0022300370,1610612741.0,Chicago,Bulls,CHI,bulls,240:00,23.0,12.0,15.0,34.0,18.0,10.0,21.0,54.0,6.0,7.0,15.0,11.0
0022300370,1610612747.0,Los Angeles,Lakers,LAL,lakers,240:00,18.0,10.0,21.0,54.0,23.0,12.0,15.0,34.0,7.0,6.0,11.0,15.0
0022300392,1610612740.0,New Orleans,Pelicans,NOP,pelicans,240:00,5.0,14.0,0.0,58.0,23.0,17.0,11.0,46.0,7.0,2.0,22.0,20.0
0022300392,1610612745.0,Houston,Rockets,HOU,rockets,240:00,23.0,17.0,11.0,46.0,5.0,14.0,0.0,58.0,2.0,7.0,20.0,22.0
0022300380,1610612750.0,Minnesota,Timberwolves,MIN,timberwolves,240:00,17.0,17.0,10.0,50.0,13.0,7.0,16.0,40.0,7.0,6.0,19.0,18.0
0022300380,1610612747.0,Los Angeles,Lakers,LAL,lakers,240:00,13.0,7.0,16.0,40.0,17.0,17.0,10.0,50.0,6.0,7.0,18.0,19.0
0022300382,1610612755.0,Philadelphia,76ers,PHI,sixers,240:00,14.0,7.0,17.0,58.0,17.0,19.0,23.0,54.0,6.0,6.0,21.0,16.0
0022300382,1610612761.0,Toronto,Raptors,TOR,raptors,240:00,17.0,19.0,23.0,54.0,14.0,7.0,17.0,58.0,6.0,6.0,16.0,21.0
0022300395,1610612761.0,Toronto,Raptors,TOR,raptors,240:00,16.0,15.0,26.0,50.0,17.0,9.0,8.0,56.0,5.0,5.0,17.0,17.0
0022300395,1610612762.0,Utah,Jazz,UTA,jazz,240:00,17.0,9.0,8.0,56.0,16.0,15.0,26.0,50.0,5.0,5.0,17.0,17.0
0022300366,1610612753.0,Orlando,Magic,ORL,magic,240:00,14.0,16.0,12.0,54.0,8.0,13.0,11.0,34.0,5.0,2.0,24.0,17.0
0022300366,1610612748.0,Miami,Heat,MIA,heat,240:00,8.0,13.0,11.0,34.0,14.0,16.0,12.0,54.0,2.0,5.0,17.0,24.0
0022300388,1610612752.0,New York,Knicks,NYK,knicks,240:00,16.0,18.0,11.0,48.0,10.0,13.0,22.0,46.0,2.0,2.0,22.0,22.0
0022300388,1610612749.0,Milwaukee,Bucks,MIL,bucks,240:00,10.0,13.0,22.0,46.0,16.0,18.0,11.0,48.0,2.0,2.0,22.0,22.0
0022300387,1610612758.0,Sacramento,Kings,SAC,kings,240:00,21.0,6.0,21.0,56.0,15.0,18.0,11.0,60.0,7.0,4.0,24.0,19.0
0022300387,1610612756.0,Phoenix,Suns,PHX,suns,240:00,15.0,18.0,11.0,60.0,21.0,6.0,21.0,56.0,4.0,7.0,19.0,24.0
0022300381,1610612757.0,Portland,Trail Blazers,POR,blazers,240:00,15.0,32.0,8.0,50.0,21.0,11.0,23.0,56.0,6.0,6.0,27.0,17.0
0022300381,1610612764.0,Washington,Wizards,WAS,wizards,240:00,21.0,11.0,23.0,56.0,15.0,32.0,8.0,50.0,6.0,6.0,17.0,27.0
0022300397,1610612760.0,Oklahoma City,Thunder,OKC,thunder,240:00,10.0,17.0,6.0,52.0,6.0,8.0,16.0,46.0,7.0,7.0,17.0,13.0
0022300397,1610612747.0,Los Angeles,Lakers,LAL,lakers,240:00,6.0,8.0,16.0,46.0,10.0,17.0,6.0,52.0,7.0,7.0,13.0,17.0
0022300410,1610612740.0,New Orleans,Pelicans,NOP,pelicans,265:00,18.0,19.0,17.0,56.0,15.0,7.0,23.0,52.0,6.0,17.0,26.0,24.0
0022300410,1610612763.0,Memphis,Grizzlies,MEM,grizzlies,265:00,15.0,7.0,23.0,52.0,18.0,19.0,17.0,56.0,17.0,6.0,24.0,26.0
0022300447,1610612760.0,Oklahoma City,Thunder,OKC,thunder,240:00,4.0,9.0,16.0,44.0,19.0,15.0,9.0,48.0,6.0,2.0,24.0,21.0
0022300447,1610612751.0,Brooklyn,Nets,BKN,nets,240:00,19.0,15.0,9.0,48.0,4.0,9.0,16.0,44.0,2.0,6.0,21.0,24.0
0022300459,1610612755.0,Philadelphia,76ers,PHI,sixers,230:23,13.0,8.0,30.0,38.0,17.0,17.0,11.0,49.0,6.0,6.0,22.0,21.0
0022300459,1610612741.0,Chicago,Bulls,CHI,bulls,240:00,19.0,19.0,11.0,52.0,13.0,8.0,30.0,38.0,7.0,6.0,21.0,22.0
0022300448,1610612759.0,San Antonio,Spurs,SAS,spurs,240:00,14.0,4.0,22.0,50.0,21.0,17.0,11.0,58.0,1.0,7.0,17.0,12.0
0022300448,1610612738.0,Boston,Celtics,BOS,celtics,240:00,21.0,17.0,11.0,58.0,14.0,4.0,22.0,50.0,7.0,1.0,12.0,17.0
0022300442,1610612741.0,Chicago,Bulls,CHI,bulls,240:00,13.0,17.0,8.0,62.0,18.0,20.0,15.0,46.0,5.0,5.0,15.0,22.0
0022300442,1610612755.0,Philadelphia,76ers,PHI,sixers,240:00,18.0,20.0,15.0,46.0,13.0,17.0,8.0,62.0,5.0,5.0,22.0,15.0
0022300455,1610612743.0,Denver,Nuggets,DEN,nuggets,240:00,20.0,5.0,14.0,42.0,13.0,11.0,4.0,40.0,9.0,5.0,15.0,15.0
0022300455,1610612766.0,Charlotte,Hornets,CHA,hornets,240:00,13.0,11.0,4.0,40.0,20.0,5.0,14.0,42.0,5.0,9.0,15.0,15.0
0022300458,1610612746.0,LA,Clippers,LAC,clippers,240:00,24.0,9.0,19.0,52.0,22.0,20.0,4.0,42.0,3.0,3.0,20.0,17.0
0022300458,1610612748.0,Miami,Heat,MIA,heat,240:00,22.0,20.0,4.0,42.0,24.0,9.0,19.0,52.0,3.0,3.0,17.0,20.0
0022300453,1610612745.0,Houston,Rockets,HOU,rockets,240:00,33.0,9.0,17.0,68.0,14.0,12.0,15.0,50.0,1.0,4.0,19.0,21.0
0022300453,1610612765.0,Detroit,Pistons,DET,pistons,240:00,14.0,12.0,15.0,50.0,33.0,9.0,17.0,68.0,4.0,1.0,21.0,19.0
0022300425,1610612743.0,Denver,Nuggets,DEN,nuggets,240:00,16.0,15.0,20.0,64.0,17.0,10.0,12.0,46.0,7.0,5.0,19.0,13.0
0022300425,1610612763.0,Memphis,Grizzlies,MEM,grizzlies,240:00,17.0,10.0,12.0,46.0,16.0,15.0,20.0,64.0,5.0,7.0,13.0,19.0
0022300409,1610612745.0,Houston,Rockets,HOU,rockets,240:00,24.0,22.0,12.0,74.0,17.0,13.0,12.0,44.0,2.0,7.0,16.0,22.0
0022300409,1610612754.0,Indiana,Pacers,IND,pacers,240:00,17.0,13.0,12.0,44.0,24.0,22.0,12.0,74.0,7.0,2.0,22.0,16.0
0022300427,1610612757.0,Portland,Trail Blazers,POR,blazers,240:00,6.0,20.0,2.0,38.0,10.0,10.0,21.0,60.0,4.0,10.0,22.0,20.0
0022300427,1610612759.0,San Antonio,Spurs,SAS,spurs,240:00,10.0,10.0,21.0,60.0,6.0,20.0,2.0,38.0,10.0,4.0,20.0,22.0
0022300424,1610612740.0,New Orleans,Pelicans,NOP,pelicans,240:00,17.0,4.0,15.0,62.0,11.0,19.0,10.0,42.0,7.0,3.0,19.0,15.0
0022300424,1610612762.0,Utah,Jazz,UTA,jazz,240:00,11.0,19.0,10.0,42.0,17.0,4.0,15.0,62.0,3.0,7.0,15.0,19.0
0022300437,1610612757.0,Portland,Trail Blazers,POR,blazers,240:00,18.0,18.0,7.0,60.0,23.0,22.0,23.0,62.0,6.0,3.0,19.0,19.0
0022300437,1610612759.0,San Antonio,Spurs,SAS,spurs,240:00,23.0,22.0,23.0,62.0,18.0,18.0,7.0,60.0,3.0,6.0,19.0,19.0
0022300405,1610612756.0,Phoenix,Suns,PHX,suns,240:00,9.0,14.0,20.0,46.0,22.0,10.0,12.0,50.0,2.0,6.0,21.0,20.0
0022300405,1610612742.0,Dallas,Mavericks,DAL,mavericks,240:00,22.0,10.0,12.0,50.0,9.0,14.0,20.0,46.0,6.0,2.0,20.0,21.0
0022300422,1610612741.0,Chicago,Bulls,CHI,bulls,240:00,13.0,11.0,7.0,60.0,20.0,12.0,31.0,38.0,4.0,9.0,20.0,21.0
0022300422,1610612754.0,Indiana,Pacers,IND,pacers,240:00,20.0,12.0,31.0,38.0,13.0,11.0,7.0,60.0,9.0,4.0,21.0,20.0
0022300414,1610612746.0,LA,Clippers,LAC,clippers,240:00,18.0,15.0,14.0,42.0,17.0,11.0,19.0,62.0,3.0,6.0,14.0,23.0
0022300414,1610612766.0,Charlotte,Hornets,CHA,hornets,240:00,17.0,11.0,19.0,62.0,18.0,15.0,14.0,42.0,6.0,3.0,23.0,14.0
0022300415,1610612753.0,Orlando,Magic,ORL,magic,240:00,14.0,10.0,18.0,40.0,15.0,16.0,23.0,58.0,11.0,8.0,18.0,19.0
0022300415,1610612755.0,Philadelphia,76ers,PHI,sixers,240:00,15.0,16.0,23.0,58.0,14.0,10.0,18.0,40.0,8.0,11.0,19.0,18.0
0022300446,1610612740.0,New Orleans,Pelicans,NOP,pelicans,240:00,17.0,25.0,19.0,42.0,13.0,7.0,15.0,50.0,6.0,10.0,22.0,15.0
0022300446,1610612747.0,Los Angeles,Lakers,LAL,lakers,240:00,13.0,7.0,15.0,50.0,17.0,25.0,19.0,42.0,10.0,6.0,15.0,22.0
0022300429,1610612753.0,Orlando,Magic,ORL,magic,240:00,12.0,15.0,19.0,58.0,19.0,14.0,15.0,58.0,6.0,4.0,20.0,30.0
0022300429,1610612752.0,New York,Knicks,NYK,knicks,240:00,19.0,14.0,15.0,58.0,12.0,15.0,19.0,58.0,4.0,6.0,30.0,20.0
0022300444,1610612744.0,Golden State,Warriors,GSW,warriors,240:00,10.0,15.0,20.0,52.0,15.0,11.0,21.0,44.0,3.0,2.0,21.0,14.0
0022300444,1610612742.0,Dallas,Mavericks,DAL,mavericks,240:00,15.0,11.0,21.0,44.0,10.0,15.0,20.0,52.0,2.0,3.0,14.0,21.0
0022300464,1610612758.0,Sacramento,Kings,SAC,kings,240:00,15.0,22.0,11.0,48.0,17.0,2.0,12.0,48.0,2.0,10.0,23.0,15.0
0022300464,1610612766.0,Charlotte,Hornets,CHA,hornets,240:00,17.0,2.0,12.0,48.0,15.0,22.0,11.0,48.0,10.0,2.0,15.0,23.0
0022300430,1610612764.0,Washington,Wizards,WAS,wizards,240:00,9.0,4.0,10.0,50.0,9.0,26.0,4.0,50.0,5.0,4.0,19.0,13.0
0022300430,1610612751.0,Brooklyn,Nets,BKN,nets,240:00,9.0,26.0,4.0,50.0,9.0,4.0,10.0,50.0,4.0,5.0,13.0,19.0
0022300434,1610612745.0,Houston,Rockets,HOU,rockets,240:00,14.0,18.0,16.0,68.0,19.0,19.0,12.0,62.0,6.0,5.0,24.0,21.0
0022300434,1610612755.0,Philadelphia,76ers,PHI,sixers,240:00,19.0,19.0,12.0,62.0,14.0,18.0,16.0,68.0,5.0,6.0,21.0,24.0
0022300449,1610612763.0,Memphis,Grizzlies,MEM,grizzlies,240:00,10.0,2.0,7.0,32.0,11.0,15.0,15.0,58.0,1.0,4.0,14.0,22.0
0022300449,1610612758.0,Sacramento,Kings,SAC,kings,240:00,11.0,15.0,15.0,58.0,10.0,2.0,7.0,32.0,4.0,1.0,22.0,14.0
0022300463,1610612744.0,Golden State,Warriors,GSW,warriors,240:00,18.0,14.0,5.0,46.0,19.0,22.0,18.0,54.0,6.0,4.0,19.0,24.0
0022300463,1610612753.0,Orlando,Magic,ORL,magic,240:00,19.0,22.0,18.0,54.0,18.0,14.0,5.0,46.0,4.0,6.0,24.0,19.0
0022300461,1610612740.0,New Orleans,Pelicans,NOP,pelicans,240:00,14.0,15.0,19.0,42.0,12.0,16.0,2.0,44.0,9.0,4.0,12.0,13.0
0022300461,1610612751.0,Brooklyn,Nets,BKN,nets,240:00,12.0,16.0,2.0,44.0,14.0,15.0,19.0,42.0,4.0,9.0,13.0,12.0
0022300423,1610612750.0,Minnesota,Timberwolves,MIN,timberwolves,240:00,22.0,15.0,13.0,34.0,29.0,16.0,9.0,38.0,10.0,3.0,21.0,27.0
0022300423,1610612742.0,Dallas,Mavericks,DAL,mavericks,240:00,29.0,16.0,9.0,38.0,22.0,15.0,13.0,34.0,3.0,10.0,27.0,21.0
0022300443,1610612750.0,Minnesota,Timberwolves,MIN,timberwolves,240:00,12.0,11.0,6.0,48.0,19.0,15.0,18.0,52.0,8.0,4.0,26.0,15.0
0022300443,1610612747.0,Los Angeles,Lakers,LAL,lakers,240:00,19.0,15.0,18.0,52.0,12.0,11.0,6.0,48.0,4.0,8.0,15.0,26.0
0022300407,1610612764.0,Washington,Wizards,WAS,wizards,240:00,18.0,12.0,23.0,48.0,29.0,17.0,14.0,70.0,8.0,5.0,21.0,16.0
0022300407,1610612753.0,Orlando,Magic,ORL,magic,240:00,29.0,17.0,14.0,70.0,18.0,12.0,23.0,48.0,5.0,8.0,16.0,21.0
0022300450,1610612756.0,Phoenix,Suns,PHX,suns,240:00,16.0,9.0,18.0,56.0,8.0,22.0,15.0,58.0,4.0,4.0,17.0,18.0
0022300450,1610612753.0,Orlando,Magic,ORL,magic,240:00,8.0,22.0,15.0,58.0,16.0,9.0,18.0,56.0,4.0,4.0,18.0,17.0
0022300445,1610612764.0,Washington,Wizards,WAS,wizards,240:00,18.0,7.0,24.0,56.0,12.0,20.0,12.0,54.0,9.0,3.0,21.0,18.0
0022300445,1610612737.0,Atlanta,Hawks,ATL,hawks,240:00,12.0,20.0,12.0,54.0,18.0,7.0,24.0,56.0,3.0,9.0,18.0,21.0
0022300428,1610612747.0,Los Angeles,Lakers,LAL,lakers,240:00,21.0,8.0,20.0,62.0,13.0,8.0,23.0,46.0,7.0,5.0,21.0,14.0
0022300428,1610612766.0,Charlotte,Hornets,CHA,hornets,240:00,13.0,8.0,23.0,46.0,21.0,8.0,20.0,62.0,5.0,7.0,14.0,21.0
0022300436,1610612756.0,Phoenix,Suns,PHX,suns,240:00,5.0,13.0,13.0,40.0,22.0,4.0,9.0,34.0,11.0,3.0,14.0,17.0
0022300436,1610612766.0,Charlotte,Hornets,CHA,hornets,240:00,22.0,4.0,9.0,34.0,5.0,13.0,13.0,40.0,3.0,11.0,17.0,14.0
0022300420,1610612742.0,Dallas,Mavericks,DAL,mavericks,240:00,15.0,12.0,26.0,52.0,12.0,15.0,14.0,46.0,7.0,4.0,21.0,21.0
0022300420,1610612739.0,Cleveland,Cavaliers,CLE,cavaliers,240:00,12.0,15.0,14.0,46.0,15.0,12.0,26.0,52.0,4.0,7.0,21.0,21.0
0022300439,1610612762.0,Utah,Jazz,UTA,jazz,240:00,29.0,11.0,8.0,60.0,10.0,7.0,10.0,40.0,6.0,8.0,25.0,24.0
0022300439,1610612748.0,Miami,Heat,MIA,heat,240:00,10.0,7.0,10.0,40.0,29.0,11.0,8.0,60.0,8.0,6.0,24.0,25.0
0022300406,1610612765.0,Detroit,Pistons,DET,pistons,240:00,10.0,16.0,24.0,50.0,14.0,16.0,4.0,44.0,4.0,7.0,27.0,22.0
0022300406,1610612751.0,Brooklyn,Nets,BKN,nets,240:00,14.0,16.0,4.0,44.0,10.0,16.0,24.0,50.0,7.0,4.0,22.0,27.0
0022300403,1610612747.0,Los Angeles,Lakers,LAL,lakers,240:00,3.0,9.0,14.0,50.0,19.0,13.0,23.0,58.0,1.0,7.0,19.0,17.0
0022300403,1610612738.0,Boston,Celtics,BOS,celtics,240:00,19.0,13.0,23.0,58.0,3.0,9.0,14.0,50.0,7.0,1.0,17.0,19.0
0022300402,1610612743.0,Denver,Nuggets,DEN,nuggets,240:00,12.0,17.0,20.0,44.0,23.0,11.0,8.0,50.0,4.0,3.0,17.0,23.0
0022300402,1610612744.0,Golden State,Warriors,GSW,warriors,240:00,23.0,11.0,8.0,50.0,12.0,17.0,20.0,44.0,3.0,4.0,23.0,17.0
0022300438,1610612746.0,LA,Clippers,LAC,clippers,240:00,19.0,16.0,15.0,54.0,24.0,3.0,18.0,48.0,6.0,4.0,19.0,22.0
0022300438,1610612763.0,Memphis,Grizzlies,MEM,grizzlies,240:00,24.0,3.0,18.0,48.0,19.0,16.0,15.0,54.0,4.0,6.0,22.0,19.0
0022300457,1610612762.0,Utah,Jazz,UTA,jazz,240:00,18.0,15.0,15.0,66.0,8.0,10.0,6.0,48.0,6.0,5.0,15.0,15.0
0022300457,1610612742.0,Dallas,Mavericks,DAL,mavericks,240:00,8.0,10.0,6.0,48.0,18.0,15.0,15.0,66.0,5.0,6.0,15.0,15.0
0022300404,1610612748.0,Miami,Heat,MIA,heat,240:00,4.0,13.0,14.0,50.0,21.0,16.0,22.0,46.0,7.0,4.0,17.0,22.0
0022300404,1610612755.0,Philadelphia,76ers,PHI,sixers,240:00,21.0,16.0,22.0,46.0,4.0,13.0,14.0,50.0,4.0,7.0,22.0,17.0
0022300412,1610612759.0,San Antonio,Spurs,SAS,spurs,240:00,21.0,10.0,22.0,54.0,13.0,25.0,12.0,56.0,8.0,7.0,18.0,21.0
0022300412,1610612762.0,Utah,Jazz,UTA,jazz,240:00,13.0,25.0,12.0,56.0,21.0,10.0,22.0,54.0,7.0,8.0,21.0,18.0
0022300408,1610612741.0,Chicago,Bulls,CHI,bulls,240:00,17.0,24.0,9.0,56.0,16.0,21.0,7.0,52.0,2.0,3.0,17.0,21.0
0022300408,1610612737.0,Atlanta,Hawks,ATL,hawks,240:00,16.0,21.0,7.0,52.0,17.0,24.0,9.0,56.0,3.0,2.0,21.0,17.0
0022300452,1610612761.0,Toronto,Raptors,TOR,raptors,240:00,13.0,14.0,17.0,52.0,10.0,8.0,19.0,56.0,4.0,2.0,22.0,29.0
0022300452,1610612739.0,Cleveland,Cavaliers,CLE,cavaliers,240:00,10.0,8.0,19.0,56.0,13.0,14.0,17.0,52.0,2.0,4.0,29.0,22.0
0022300426,1610612744.0,Golden State,Warriors,GSW,warriors,240:00,18.0,12.0,12.0,50.0,15.0,12.0,10.0,60.0,7.0,1.0,19.0,19.0
0022300426,1610612748.0,Miami,Heat,MIA,heat,240:00,15.0,12.0,10.0,60.0,18.0,12.0,12.0,50.0,1.0,7.0,19.0,19.0
0022300419,1610612760.0,Oklahoma City,Thunder,OKC,thunder,240:00,21.0,6.0,22.0,62.0,5.0,12.0,12.0,50.0,10.0,2.0,21.0,21.0
0022300419,1610612752.0,New York,Knicks,NYK,knicks,240:00,5.0,12.0,12.0,50.0,21.0,6.0,22.0,62.0,2.0,10.0,21.0,21.0
0022300435,1610612743.0,Denver,Nuggets,DEN,nuggets,240:00,14.0,7.0,13.0,48.0,25.0,11.0,25.0,46.0,5.0,8.0,17.0,20.0
0022300435,1610612760.0,Oklahoma City,Thunder,OKC,thunder,240:00,25.0,11.0,25.0,46.0,14.0,7.0,13.0,48.0,8.0,5.0,20.0,17.0
0022300433,1610612739.0,Cleveland,Cavaliers,CLE,cavaliers,240:00,18.0,10.0,21.0,64.0,16.0,15.0,12.0,52.0,7.0,6.0,20.0,15.0
0022300433,1610612749.0,Milwaukee,Bucks,MIL,bucks,240:00,16.0,15.0,12.0,52.0,18.0,10.0,21.0,64.0,6.0,7.0,15.0,20.0
0022300456,1610612756.0,Phoenix,Suns,PHX,suns,240:00,30.0,12.0,19.0,38.0,15.0,6.0,19.0,36.0,5.0,10.0,20.0,19.0
0022300456,1610612757.0,Portland,Trail Blazers,POR,blazers,240:00,15.0,6.0,19.0,36.0,30.0,12.0,19.0,38.0,10.0,5.0,19.0,20.0
0022300432,1610612738.0,Boston,Celtics,BOS,celtics,240:00,4.0,21.0,7.0,52.0,22.0,13.0,14.0,48.0,6.0,6.0,17.0,15.0
0022300432,1610612761.0,Toronto,Raptors,TOR,raptors,240:00,22.0,13.0,14.0,48.0,4.0,21.0,7.0,52.0,6.0,6.0,15.0,17.0
0022300401,1610612752.0,New York,Knicks,NYK,knicks,240:00,14.0,15.0,23.0,72.0,11.0,23.0,12.0,50.0,4.0,4.0,18.0,23.0
0022300401,1610612749.0,Milwaukee,Bucks,MIL,bucks,240:00,11.0,23.0,12.0,50.0,14.0,15.0,23.0,72.0,4.0,4.0,23.0,18.0
0022300431,1610612737.0,Atlanta,Hawks,ATL,hawks,240:00,17.0,26.0,11.0,40.0,9.0,11.0,8.0,52.0,4.0,3.0,16.0,20.0
0022300431,1610612758.0,Sacramento,Kings,SAC,kings,240:00,9.0,11.0,8.0,52.0,17.0,26.0,11.0,40.0,3.0,4.0,20.0,16.0
0022300451,1610612752.0,New York,Knicks,NYK,knicks,240:00,23.0,22.0,13.0,46.0,14.0,10.0,11.0,48.0,4.0,4.0,24.0,22.0
0022300451,1610612750.0,Minnesota,Timberwolves,MIN,timberwolves,240:00,14.0,10.0,11.0,48.0,23.0,22.0,13.0,46.0,4.0,4.0,22.0,24.0
0022300411,1610612760.0,Oklahoma City,Thunder,OKC,thunder,240:00,23.0,5.0,11.0,60.0,12.0,8.0,3.0,44.0,7.0,1.0,24.0,16.0
0022300411,1610612750.0,Minnesota,Timberwolves,MIN,timberwolves,240:00,12.0,8.0,3.0,44.0,23.0,5.0,11.0,60.0,1.0,7.0,16.0,24.0
0022300417,1610612751.0,Brooklyn,Nets,BKN,nets,240:00,11.0,25.0,13.0,70.0,10.0,15.0,15.0,48.0,2.0,8.0,17.0,18.0
0022300417,1610612749.0,Milwaukee,Bucks,MIL,bucks,240:00,10.0,15.0,15.0,48.0,11.0,25.0,13.0,70.0,8.0,2.0,18.0,17.0
0022300460,1610612763.0,Memphis,Grizzlies,MEM,grizzlies,240:00,12.0,13.0,2.0,44.0,21.0,8.0,5.0,44.0,8.0,8.0,23.0,24.0
0022300460,1610612759.0,San Antonio,Spurs,SAS,spurs,240:00,21.0,8.0,5.0,44.0,12.0,13.0,2.0,44.0,8.0,8.0,24.0,23.0
0022300421,1610612738.0,Boston,Celtics,BOS,celtics,265:00,27.0,17.0,14.0,66.0,17.0,31.0,11.0,54.0,4.0,4.0,15.0,21.0
0022300421,1610612765.0,Detroit,Pistons,DET,pistons,265:00,17.0,31.0,11.0,54.0,27.0,17.0,14.0,66.0,4.0,4.0,21.0,15.0
0022300441,1610612754.0,Indiana,Pacers,IND,pacers,240:00,16.0,9.0,21.0,50.0,22.0,22.0,18.0,48.0,7.0,2.0,18.0,19.0
0022300441,1610612752.0,New York,Knicks,NYK,knicks,240:00,22.0,22.0,18.0,48.0,16.0,9.0,21.0,50.0,2.0,7.0,19.0,18.0
0022300418,1610612745.0,Houston,Rockets,HOU,rockets,240:00,27.0,9.0,6.0,34.0,12.0,12.0,10.0,50.0,3.0,11.0,21.0,17.0
0022300418,1610612756.0,Phoenix,Suns,PHX,suns,240:00,12.0,12.0,10.0,50.0,27.0,9.0,6.0,34.0,11.0,3.0,17.0,21.0
0022300462,1610612760.0,Oklahoma City,Thunder,OKC,thunder,240:00,16.0,4.0,15.0,50.0,18.0,16.0,15.0,46.0,10.0,10.0,22.0,15.0
0022300462,1610612738.0,Boston,Celtics,BOS,celtics,240:00,18.0,16.0,15.0,46.0,16.0,4.0,15.0,50.0,10.0,10.0,15.0,22.0
0022300416,1610612764.0,Washington,Wizards,WAS,wizards,240:00,21.0,5.0,8.0,56.0,25.0,22.0,28.0,62.0,3.0,5.0,17.0,18.0
0022300416,1610612761.0,Toronto,Raptors,TOR,raptors,240:00,25.0,22.0,28.0,62.0,21.0,5.0,8.0,56.0,5.0,3.0,18.0,17.0
0022300440,1610612765.0,Detroit,Pistons,DET,pistons,240:00,8.0,14.0,14.0,50.0,14.0,5.0,20.0,56.0,4.0,5.0,22.0,27.0
0022300440,1610612761.0,Toronto,Raptors,TOR,raptors,240:00,14.0,5.0,20.0,56.0,8.0,14.0,14.0,50.0,5.0,4.0,27.0,22.0
0022300454,1610612749.0,Milwaukee,Bucks,MIL,bucks,240:00,11.0,14.0,8.0,50.0,17.0,24.0,16.0,64.0,8.0,5.0,26.0,24.0
0022300454,1610612754.0,Indiana,Pacers,IND,pacers,240:00,17.0,24.0,16.0,64.0,11.0,14.0,8.0,50.0,5.0,8.0,24.0,26.0
0022300413,1610612757.0,Portland,Trail Blazers,POR,blazers,240:00,18.0,15.0,18.0,60.0,12.0,17.0,20.0,62.0,5.0,7.0,17.0,16.0
0022300413,1610612758.0,Sacramento,Kings,SAC,kings,240:00,12.0,17.0,20.0,62.0,18.0,15.0,18.0,60.0,7.0,5.0,16.0,17.0
0022300471,1610612750.0,Minnesota,Timberwolves,MIN,timberwolves,240:00,13.0,12.0,12.0,52.0,16.0,12.0,11.0,48.0,6.0,5.0,13.0,24.0
0022300471,1610612740.0,New Orleans,Pelicans,NOP,pelicans,240:00,16.0,12.0,11.0,48.0,13.0,12.0,12.0,52.0,5.0,6.0,24.0,13.0
0022300475,1610612747.0,Los Angeles,Lakers,LAL,lakers,240:00,6.0,11.0,15.0,60.0,22.0,10.0,20.0,42.0,6.0,3.0,14.0,23.0
0022300475,1610612748.0,Miami,Heat,MIA,heat,240:00,22.0,10.0,20.0,42.0,6.0,11.0,15.0,60.0,3.0,6.0,23.0,14.0
0022300474,1610612762.0,Utah,Jazz,UTA,jazz,265:00,32.0,25.0,16.0,68.0,18.0,20.0,20.0,62.0,8.0,3.0,22.0,27.0
0022300474,1610612765.0,Detroit,Pistons,DET,pistons,265:00,18.0,20.0,20.0,62.0,32.0,25.0,16.0,68.0,3.0,8.0,27.0,22.0
0022300472,1610612742.0,Dallas,Mavericks,DAL,mavericks,240:00,29.0,9.0,28.0,52.0,7.0,15.0,14.0,36.0,7.0,3.0,18.0,34.0
0022300472,1610612757.0,Portland,Trail Blazers,POR,blazers,240:00,7.0,15.0,14.0,36.0,29.0,9.0,28.0,52.0,3.0,7.0,34.0,18.0
0022300473,1610612756.0,Phoenix,Suns,PHX,suns,240:00,16.0,10.0,8.0,46.0,26.0,12.0,10.0,44.0,2.0,5.0,23.0,18.0
0022300473,1610612746.0,LA,Clippers,LAC,clippers,240:00,26.0,12.0,10.0,44.0,16.0,10.0,8.0,46.0,5.0,2.0,18.0,23.0
0022300469,1610612745.0,Houston,Rockets,HOU,rockets,240:00,16.0,4.0,16.0,28.0,18.0,10.0,11.0,46.0,4.0,6.0,19.0,19.0
0022300469,1610612751.0,Brooklyn,Nets,BKN,nets,240:00,18.0,10.0,11.0,46.0,16.0,4.0,16.0,28.0,6.0,4.0,19.0,19.0
0022300470,1610612763.0,Memphis,Grizzlies,MEM,grizzlies,240:00,11.0,13.0,13.0,44.0,6.0,13.0,23.0,44.0,5.0,6.0,19.0,20.0
0022300470,1610612761.0,Toronto,Raptors,TOR,raptors,240:00,6.0,13.0,23.0,44.0,11.0,13.0,13.0,44.0,6.0,5.0,20.0,19.0
0022300476,1610612758.0,Sacramento,Kings,SAC,kings,290:00,29.0,23.0,19.0,66.0,30.0,11.0,10.0,24.0,3.0,7.0,21.0,30.0
0022300476,1610612753.0,Orlando,Magic,ORL,magic,290:00,30.0,11.0,10.0,24.0,29.0,23.0,19.0,66.0,7.0,3.0,30.0,21.0
0022300468,1610612752.0,New York,Knicks,NYK,knicks,240:00,21.0,18.0,14.0,54.0,18.0,14.0,13.0,36.0,7.0,7.0,17.0,17.0
0022300468,1610612741.0,Chicago,Bulls,CHI,bulls,240:00,18.0,14.0,13.0,36.0,21.0,18.0,14.0,54.0,7.0,7.0,17.0,17.0
0022300466,1610612754.0,Indiana,Pacers,IND,pacers,240:00,15.0,7.0,21.0,64.0,14.0,16.0,17.0,60.0,5.0,4.0,27.0,25.0
0022300466,1610612749.0,Milwaukee,Bucks,MIL,bucks,240:00,14.0,16.0,17.0,60.0,15.0,7.0,21.0,64.0,4.0,5.0,25.0,27.0
0022300465,1610612739.0,Cleveland,Cavaliers,CLE,cavaliers,240:00,16.0,35.0,25.0,68.0,15.0,17.0,14.0,52.0,8.0,4.0,13.0,14.0
0022300465,1610612764.0,Washington,Wizards,WAS,wizards,240:00,15.0,17.0,14.0,52.0,16.0,35.0,25.0,68.0,5.0,8.0,14.0,13.0
0022300467,1610612737.0,Atlanta,Hawks,ATL,hawks,240:00,15.0,19.0,23.0,52.0,16.0,16.0,29.0,62.0,5.0,1.0,21.0,23.0
0022300467,1610612760.0,Oklahoma City,Thunder,OKC,thunder,240:00,16.0,16.0,29.0,62.0,15.0,19.0,23.0,52.0,1.0,5.0,23.0,21.0
0022300478,1610612744.0,Golden State,Warriors,GSW,warriors,240:00,13.0,14.0,4.0,56.0,18.0,15.0,6.0,60.0,3.0,4.0,20.0,15.0
0022300478,1610612743.0,Denver,Nuggets,DEN,nuggets,240:00,18.0,15.0,6.0,60.0,13.0,14.0,4.0,56.0,4.0,3.0,15.0,20.0
0022300477,1610612759.0,San Antonio,Spurs,SAS,spurs,240:00,27.0,9.0,28.0,54.0,12.0,6.0,15.0,60.0,8.0,5.0,16.0,16.0
0022300477,1610612749.0,Milwaukee,Bucks,MIL,bucks,240:00,12.0,6.0,15.0,60.0,27.0,9.0,28.0,54.0,5.0,8.0,16.0,16.0
0022300491,1610612747.0,Los Angeles,Lakers,LAL,lakers,240:00,23.0,8.0,20.0,52.0,16.0,8.0,15.0,36.0,3.0,4.0,14.0,20.0
0022300491,1610612763.0,Memphis,Grizzlies,MEM,grizzlies,240:00,16.0,8.0,15.0,36.0,23.0,8.0,20.0,52.0,4.0,3.0,20.0,14.0
0022300486,1610612740.0,New Orleans,Pelicans,NOP,pelicans,240:00,18.0,12.0,11.0,38.0,8.0,9.0,13.0,40.0,5.0,7.0,17.0,18.0
0022300486,1610612746.0,LA,Clippers,LAC,clippers,240:00,8.0,9.0,13.0,40.0,18.0,12.0,11.0,38.0,7.0,5.0,18.0,17.0
0022300492,1610612758.0,Sacramento,Kings,SAC,kings,240:00,21.0,26.0,16.0,60.0,24.0,12.0,18.0,62.0,1.0,10.0,23.0,20.0
0022300492,1610612761.0,Toronto,Raptors,TOR,raptors,240:00,24.0,12.0,18.0,62.0,21.0,26.0,16.0,60.0,10.0,1.0,20.0,23.0
0022300481,1610612751.0,Brooklyn,Nets,BKN,nets,240:00,11.0,30.0,13.0,48.0,20.0,7.0,13.0,64.0,3.0,5.0,24.0,26.0
0022300481,1610612760.0,Oklahoma City,Thunder,OKC,thunder,240:00,20.0,7.0,13.0,64.0,11.0,30.0,13.0,48.0,5.0,3.0,26.0,24.0
0022300484,1610612741.0,Chicago,Bulls,CHI,bulls,240:00,19.0,5.0,25.0,48.0,16.0,10.0,10.0,36.0,6.0,1.0,17.0,20.0
0022300484,1610612766.0,Charlotte,Hornets,CHA,hornets,240:00,16.0,10.0,10.0,36.0,19.0,5.0,25.0,48.0,1.0,6.0,20.0,17.0
0022300488,1610612743.0,Denver,Nuggets,DEN,nuggets,240:00,24.0,12.0,13.0,66.0,17.0,8.0,21.0,38.0,1.0,3.0,23.0,20.0
0022300488,1610612753.0,Orlando,Magic,ORL,magic,240:00,17.0,8.0,21.0,38.0,24.0,12.0,13.0,66.0,3.0,1.0,20.0,23.0
0022300487,1610612742.0,Dallas,Mavericks,DAL,mavericks,240:00,20.0,8.0,36.0,64.0,21.0,21.0,12.0,44.0,8.0,3.0,21.0,15.0
0022300487,1610612757.0,Portland,Trail Blazers,POR,blazers,240:00,21.0,21.0,12.0,44.0,20.0,8.0,36.0,64.0,3.0,8.0,15.0,21.0
0022300489,1610612756.0,Phoenix,Suns,PHX,suns,240:00,19.0,10.0,13.0,44.0,8.0,11.0,4.0,36.0,5.0,2.0,18.0,21.0
0022300489,1610612748.0,Miami,Heat,MIA,heat,240:00,8.0,11.0,4.0,36.0,19.0,10.0,13.0,44.0,2.0,5.0,21.0,18.0
0022300483,1610612755.0,Philadelphia,76ers,PHI,sixers,240:00,11.0,7.0,16.0,46.0,15.0,22.0,33.0,44.0,9.0,7.0,18.0,22.0
0022300483,1610612752.0,New York,Knicks,NYK,knicks,240:00,15.0,22.0,33.0,44.0,11.0,7.0,16.0,46.0,7.0,9.0,22.0,18.0
0022300479,1610612738.0,Boston,Celtics,BOS,celtics,240:00,26.0,15.0,26.0,40.0,14.0,11.0,14.0,50.0,8.0,2.0,23.0,24.0
0022300479,1610612762.0,Utah,Jazz,UTA,jazz,240:00,14.0,11.0,14.0,50.0,26.0,15.0,26.0,40.0,2.0,8.0,24.0,23.0
0022300485,1610612745.0,Houston,Rockets,HOU,rockets,240:00,12.0,10.0,8.0,46.0,18.0,13.0,20.0,60.0,2.0,7.0,15.0,18.0
0022300485,1610612750.0,Minnesota,Timberwolves,MIN,timberwolves,240:00,18.0,13.0,20.0,60.0,12.0,10.0,8.0,46.0,7.0,2.0,18.0,15.0
0022300490,1610612744.0,Golden State,Warriors,GSW,warriors,240:00,12.0,21.0,2.0,40.0,28.0,10.0,15.0,56.0,5.0,9.0,18.0,23.0
0022300490,1610612765.0,Detroit,Pistons,DET,pistons,240:00,28.0,10.0,15.0,56.0,12.0,21.0,2.0,40.0,9.0,5.0,23.0,18.0
0022300480,1610612754.0,Indiana,Pacers,IND,pacers,240:00,14.0,14.0,23.0,66.0,15.0,13.0,23.0,58.0,3.0,3.0,24.0,11.0
0022300480,1610612737.0,Atlanta,Hawks,ATL,hawks,240:00,15.0,13.0,23.0,58.0,14.0,14.0,23.0,66.0,3.0,3.0,11.0,24.0
0022300482,1610612739.0,Cleveland,Cavaliers,CLE,cavaliers,240:00,18.0,17.0,13.0,48.0,29.0,5.0,15.0,50.0,1.0,8.0,19.0,19.0
0022300482,1610612764.0,Washington,Wizards,WAS,wizards,240:00,29.0,5.0,15.0,50.0,18.0,17.0,13.0,48.0,8.0,1.0,19.0,19.0
0022300493,1610612754.0,Indiana,Pacers,IND,pacers,240:00,24.0,14.0,19.0,54.0,18.0,17.0,10.0,54.0,2.0,6.0,18.0,20.0
0022300493,1610612738.0,Boston,Celtics,BOS,celtics,240:00,18.0,17.0,10.0,54.0,24.0,14.0,19.0,54.0,6.0,2.0,20.0,18.0
0022300495,1610612755.0,Philadelphia,76ers,PHI,sixers,240:00,24.0,16.0,25.0,62.0,13.0,12.0,17.0,72.0,6.0,4.0,20.0,18.0
0022300495,1610612762.0,Utah,Jazz,UTA,jazz,240:00,13.0,12.0,17.0,72.0,24.0,16.0,25.0,62.0,4.0,6.0,18.0,20.0
0022300496,1610612745.0,Houston,Rockets,HOU,rockets,240:00,11.0,13.0,11.0,36.0,10.0,8.0,18.0,46.0,2.0,4.0,24.0,24.0
0022300496,1610612749.0,Milwaukee,Bucks,MIL,bucks,240:00,10.0,8.0,18.0,46.0,11.0,13.0,11.0,36.0,4.0,2.0,24.0,24.0
0022300494,1610612764.0,Washington,Wizards,WAS,wizards,240:00,14.0,9.0,24.0,54.0,23.0,20.0,20.0,52.0,3.0,2.0,20.0,16.0
0022300494,1610612752.0,New York,Knicks,NYK,knicks,240:00,23.0,20.0,20.0,52.0,14.0,9.0,24.0,54.0,2.0,3.0,16.0,20.0
0022300504,1610612744.0,Golden State,Warriors,GSW,warriors,240:00,12.0,15.0,8.0,54.0,23.0,15.0,24.0,66.0,4.0,6.0,11.0,14.0
0022300504,1610612761.0,Toronto,Raptors,TOR,raptors,240:00,23.0,15.0,24.0,66.0,12.0,15.0,8.0,54.0,6.0,4.0,14.0,11.0
0022300499,1610612753.0,Orlando,Magic,ORL,magic,265:00,17.0,25.0,11.0,42.0,10.0,6.0,15.0,60.0,3.0,10.0,24.0,23.0
0022300499,1610612737.0,Atlanta,Hawks,ATL,hawks,265:00,10.0,6.0,15.0,60.0,17.0,25.0,11.0,42.0,10.0,3.0,23.0,24.0
0022300505,1610612747.0,Los Angeles,Lakers,LAL,lakers,240:00,14.0,10.0,15.0,46.0,18.0,11.0,19.0,40.0,6.0,5.0,11.0,19.0
0022300505,1610612746.0,LA,Clippers,LAC,clippers,240:00,18.0,11.0,19.0,40.0,14.0,10.0,15.0,46.0,5.0,6.0,19.0,11.0
0022300498,1610612751.0,Brooklyn,Nets,BKN,nets,265:00,13.0,15.0,17.0,62.0,18.0,15.0,7.0,38.0,7.0,5.0,25.0,20.0
0022300498,1610612757.0,Portland,Trail Blazers,POR,blazers,265:00,18.0,15.0,7.0,38.0,13.0,15.0,17.0,62.0,5.0,7.0,20.0,25.0
0022300501,1610612742.0,Dallas,Mavericks,DAL,mavericks,240:00,17.0,24.0,7.0,44.0,11.0,21.0,12.0,50.0,8.0,4.0,19.0,22.0
0022300501,1610612750.0,Minnesota,Timberwolves,MIN,timberwolves,240:00,11.0,21.0,12.0,50.0,17.0,24.0,7.0,44.0,4.0,8.0,22.0,19.0
0022300500,1610612758.0,Sacramento,Kings,SAC,kings,240:00,23.0,11.0,6.0,44.0,12.0,15.0,19.0,48.0,2.0,9.0,12.0,14.0
0022300500,1610612740.0,New Orleans,Pelicans,NOP,pelicans,240:00,12.0,15.0,19.0,48.0,23.0,11.0,6.0,44.0,9.0,2.0,14.0,12.0
0022300502,1610612743.0,Denver,Nuggets,DEN,nuggets,240:00,18.0,9.0,11.0,54.0,19.0,21.0,12.0,58.0,10.0,0.0,23.0,20.0
0022300502,1610612765.0,Detroit,Pistons,DET,pistons,240:00,19.0,21.0,12.0,58.0,18.0,9.0,11.0,54.0,0.0,10.0,20.0,23.0
0022300497,1610612739.0,Cleveland,Cavaliers,CLE,cavaliers,240:00,15.0,18.0,20.0,50.0,22.0,7.0,21.0,44.0,3.0,6.0,16.0,18.0
0022300497,1610612759.0,San Antonio,Spurs,SAS,spurs,240:00,22.0,7.0,21.0,44.0,15.0,18.0,20.0,50.0,6.0,3.0,18.0,16.0
0022300503,1610612756.0,Phoenix,Suns,PHX,suns,240:00,18.0,10.0,12.0,62.0,15.0,16.0,15.0,48.0,6.0,8.0,27.0,24.0
0022300503,1610612763.0,Memphis,Grizzlies,MEM,grizzlies,240:00,15.0,16.0,15.0,48.0,18.0,10.0,12.0,62.0,8.0,6.0,24.0,27.0
0022300511,1610612746.0,LA,Clippers,LAC,clippers,240:00,24.0,12.0,14.0,62.0,20.0,8.0,16.0,42.0,3.0,4.0,21.0,20.0
0022300511,1610612756.0,Phoenix,Suns,PHX,suns,240:00,20.0,8.0,16.0,42.0,24.0,12.0,14.0,62.0,4.0,3.0,20.0,21.0
0022300508,1610612764.0,Washington,Wizards,WAS,wizards,240:00,21.0,16.0,10.0,48.0,19.0,11.0,21.0,70.0,5.0,7.0,23.0,21.0
0022300508,1610612760.0,Oklahoma City,Thunder,OKC,thunder,240:00,19.0,11.0,21.0,70.0,21.0,16.0,10.0,48.0,7.0,5.0,21.0,23.0
0022300507,1610612754.0,Indiana,Pacers,IND,pacers,240:00,20.0,14.0,11.0,44.0,20.0,16.0,8.0,52.0,7.0,8.0,23.0,20.0
0022300507,1610612738.0,Boston,Celtics,BOS,celtics,240:00,20.0,16.0,8.0,52.0,20.0,14.0,11.0,44.0,8.0,7.0,20.0,23.0
0022300510,1610612749.0,Milwaukee,Bucks,MIL,bucks,240:00,10.0,13.0,21.0,46.0,9.0,20.0,7.0,40.0,6.0,8.0,20.0,15.0
0022300510,1610612762.0,Utah,Jazz,UTA,jazz,240:00,9.0,20.0,7.0,40.0,10.0,13.0,21.0,46.0,8.0,6.0,15.0,20.0
0022300509,1610612748.0,Miami,Heat,MIA,heat,240:00,13.0,11.0,15.0,48.0,6.0,25.0,6.0,42.0,5.0,4.0,21.0,31.0
0022300509,1610612745.0,Houston,Rockets,HOU,rockets,240:00,6.0,25.0,6.0,42.0,13.0,11.0,15.0,48.0,4.0,5.0,31.0,21.0
0022300506,1610612766.0,Charlotte,Hornets,CHA,hornets,265:00,8.0,14.0,8.0,42.0,18.0,17.0,4.0,62.0,7.0,7.0,22.0,18.0
0022300506,1610612741.0,Chicago,Bulls,CHI,bulls,265:00,18.0,17.0,4.0,62.0,8.0,14.0,8.0,42.0,7.0,7.0,18.0,22.0
0022300512,1610612765.0,Detroit,Pistons,DET,pistons,240:00,21.0,12.0,21.0,46.0,24.0,8.0,24.0,82.0,2.0,6.0,19.0,21.0
0022300512,1610612758.0,Sacramento,Kings,SAC,kings,240:00,24.0,8.0,24.0,82.0,21.0,12.0,21.0,46.0,6.0,2.0,21.0,19.0
0022300514,1610612752.0,New York,Knicks,NYK,knicks,240:00,16.0,26.0,25.0,32.0,13.0,16.0,11.0,48.0,4.0,7.0,16.0,17.0
0022300514,1610612757.0,Portland,Trail Blazers,POR,blazers,240:00,13.0,16.0,11.0,48.0,16.0,26.0,25.0,32.0,7.0,4.0,17.0,16.0
0022300513,1610612753.0,Orlando,Magic,ORL,magic,240:00,23.0,12.0,16.0,38.0,19.0,5.0,18.0,60.0,5.0,4.0,22.0,18.0
0022300513,1610612750.0,Minnesota,Timberwolves,MIN,timberwolves,240:00,19.0,5.0,18.0,60.0,23.0,12.0,16.0,38.0,4.0,5.0,18.0,22.0
0022300515,1610612742.0,Dallas,Mavericks,DAL,mavericks,240:00,21.0,8.0,17.0,46.0,17.0,21.0,16.0,56.0,4.0,3.0,17.0,18.0
0022300515,1610612763.0,Memphis,Grizzlies,MEM,grizzlies,240:00,17.0,21.0,16.0,56.0,21.0,8.0,17.0,46.0,3.0,4.0,18.0,17.0
0022300516,1610612747.0,Los Angeles,Lakers,LAL,lakers,240:00,16.0,5.0,13.0,50.0,28.0,11.0,12.0,70.0,4.0,4.0,16.0,26.0
0022300516,1610612761.0,Toronto,Raptors,TOR,raptors,240:00,28.0,11.0,12.0,70.0,16.0,5.0,13.0,50.0,4.0,4.0,26.0,16.0
0022300518,1610612766.0,Charlotte,Hornets,CHA,hornets,240:00,8.0,13.0,5.0,28.0,11.0,13.0,13.0,62.0,3.0,8.0,16.0,15.0
0022300518,1610612758.0,Sacramento,Kings,SAC,kings,240:00,11.0,13.0,13.0,62.0,8.0,13.0,5.0,28.0,8.0,3.0,15.0,16.0
0022300524,1610612762.0,Utah,Jazz,UTA,jazz,240:00,27.0,8.0,18.0,54.0,20.0,13.0,15.0,40.0,8.0,4.0,19.0,23.0
0022300524,1610612743.0,Denver,Nuggets,DEN,nuggets,240:00,20.0,13.0,15.0,40.0,27.0,8.0,18.0,54.0,4.0,8.0,23.0,19.0
0022300520,1610612754.0,Indiana,Pacers,IND,pacers,240:00,22.0,17.0,13.0,60.0,13.0,14.0,14.0,56.0,6.0,8.0,22.0,23.0
0022300520,1610612764.0,Washington,Wizards,WAS,wizards,240:00,13.0,14.0,14.0,56.0,22.0,17.0,13.0,60.0,8.0,6.0,23.0,22.0
0022300521,1610612737.0,Atlanta,Hawks,ATL,hawks,265:00,22.0,14.0,15.0,64.0,10.0,21.0,16.0,64.0,8.0,9.0,21.0,28.0
0022300521,1610612755.0,Philadelphia,76ers,PHI,sixers,265:00,10.0,21.0,16.0,64.0,22.0,14.0,15.0,64.0,9.0,8.0,28.0,21.0
0022300526,1610612746.0,LA,Clippers,LAC,clippers,240:00,17.0,12.0,17.0,60.0,2.0,12.0,17.0,58.0,5.0,2.0,17.0,17.0
0022300526,1610612761.0,Toronto,Raptors,TOR,raptors,240:00,2.0,12.0,17.0,58.0,17.0,12.0,17.0,60.0,2.0,5.0,17.0,17.0
0022300519,1610612765.0,Detroit,Pistons,DET,pistons,240:00,3.0,15.0,17.0,62.0,16.0,20.0,19.0,74.0,3.0,4.0,19.0,15.0
0022300519,1610612759.0,San Antonio,Spurs,SAS,spurs,240:00,16.0,20.0,19.0,74.0,3.0,15.0,17.0,62.0,4.0,3.0,15.0,19.0
0022300517,1610612738.0,Boston,Celtics,BOS,celtics,265:00,19.0,11.0,9.0,34.0,6.0,7.0,6.0,50.0,4.0,6.0,19.0,27.0
0022300517,1610612750.0,Minnesota,Timberwolves,MIN,timberwolves,265:00,6.0,7.0,6.0,50.0,19.0,11.0,9.0,34.0,6.0,4.0,27.0,19.0
0022300522,1610612748.0,Miami,Heat,MIA,heat,240:00,13.0,10.0,15.0,48.0,16.0,4.0,13.0,60.0,3.0,4.0,13.0,19.0
0022300522,1610612760.0,Oklahoma City,Thunder,OKC,thunder,240:00,16.0,4.0,13.0,60.0,13.0,10.0,15.0,48.0,4.0,3.0,19.0,13.0
0022300523,1610612741.0,Chicago,Bulls,CHI,bulls,265:00,8.0,11.0,16.0,30.0,20.0,9.0,17.0,56.0,4.0,4.0,19.0,18.0
0022300523,1610612745.0,Houston,Rockets,HOU,rockets,265:00,20.0,9.0,17.0,56.0,8.0,11.0,16.0,30.0,4.0,4.0,18.0,19.0
0022300525,1610612744.0,Golden State,Warriors,GSW,warriors,240:00,15.0,19.0,6.0,48.0,24.0,17.0,14.0,64.0,4.0,7.0,19.0,19.0
0022300525,1610612740.0,New Orleans,Pelicans,NOP,pelicans,240:00,24.0,17.0,14.0,64.0,15.0,19.0,6.0,48.0,7.0,4.0,19.0,19.0
0022300531,1610612747.0,Los Angeles,Lakers,LAL,lakers,240:00,21.0,11.0,21.0,46.0,28.0,15.0,23.0,48.0,4.0,3.0,19.0,16.0
0022300531,1610612756.0,Phoenix,Suns,PHX,suns,240:00,28.0,15.0,23.0,48.0,21.0,11.0,21.0,46.0,3.0,4.0,16.0,19.0
0022300529,1610612760.0,Oklahoma City,Thunder,OKC,thunder,240:00,12.0,17.0,14.0,70.0,12.0,16.0,11.0,30.0,8.0,8.0,10.0,19.0
0022300529,1610612757.0,Portland,Trail Blazers,POR,blazers,240:00,12.0,16.0,11.0,30.0,12.0,17.0,14.0,70.0,8.0,8.0,19.0,10.0
0022300530,1610612742.0,Dallas,Mavericks,DAL,mavericks,240:00,23.0,13.0,25.0,40.0,13.0,11.0,6.0,56.0,2.0,2.0,19.0,25.0
0022300530,1610612752.0,New York,Knicks,NYK,knicks,240:00,13.0,11.0,6.0,56.0,23.0,13.0,25.0,40.0,2.0,2.0,25.0,19.0
0022300527,1610612739.0,Cleveland,Cavaliers,CLE,cavaliers,240:00,16.0,18.0,10.0,34.0,14.0,11.0,9.0,46.0,6.0,4.0,24.0,29.0
0022300527,1610612751.0,Brooklyn,Nets,BKN,nets,240:00,14.0,11.0,9.0,46.0,16.0,18.0,10.0,34.0,4.0,6.0,29.0,24.0
0022300528,1610612749.0,Milwaukee,Bucks,MIL,bucks,240:00,11.0,18.0,18.0,54.0,9.0,13.0,13.0,46.0,6.0,5.0,22.0,13.0
0022300528,1610612738.0,Boston,Celtics,BOS,celtics,240:00,9.0,13.0,13.0,46.0,11.0,18.0,18.0,54.0,5.0,6.0,13.0,22.0
0022300537,1610612763.0,Memphis,Grizzlies,MEM,grizzlies,240:00,11.0,20.0,11.0,42.0,13.0,11.0,10.0,54.0,4.0,7.0,21.0,16.0
0022300537,1610612746.0,LA,Clippers,LAC,clippers,240:00,13.0,11.0,10.0,54.0,11.0,20.0,11.0,42.0,7.0,4.0,16.0,21.0
0022300535,1610612748.0,Miami,Heat,MIA,heat,240:00,16.0,13.0,14.0,52.0,14.0,12.0,11.0,38.0,1.0,8.0,17.0,20.0
0022300535,1610612753.0,Orlando,Magic,ORL,magic,240:00,14.0,12.0,11.0,38.0,16.0,13.0,14.0,52.0,8.0,1.0,20.0,17.0
0022300538,1610612750.0,Minnesota,Timberwolves,MIN,timberwolves,240:00,28.0,13.0,12.0,60.0,15.0,13.0,11.0,36.0,5.0,5.0,23.0,19.0
0022300538,1610612757.0,Portland,Trail Blazers,POR,blazers,240:00,15.0,13.0,11.0,36.0,28.0,13.0,12.0,60.0,5.0,5.0,19.0,23.0
0022300532,1610612755.0,Philadelphia,76ers,PHI,sixers,240:00,29.0,16.0,10.0,44.0,14.0,12.0,16.0,42.0,9.0,4.0,19.0,18.0
0022300532,1610612758.0,Sacramento,Kings,SAC,kings,240:00,14.0,12.0,16.0,42.0,29.0,16.0,10.0,44.0,4.0,9.0,18.0,19.0
0022300541,1610612759.0,San Antonio,Spurs,SAS,spurs,240:00,23.0,15.0,14.0,52.0,7.0,17.0,7.0,38.0,7.0,3.0,20.0,24.0
0022300541,1610612766.0,Charlotte,Hornets,CHA,hornets,240:00,7.0,17.0,7.0,38.0,23.0,15.0,14.0,52.0,3.0,7.0,24.0,20.0
0022300536,1610612741.0,Chicago,Bulls,CHI,bulls,240:00,8.0,10.0,12.0,54.0,22.0,21.0,19.0,40.0,3.0,4.0,21.0,16.0
0022300536,1610612744.0,Golden State,Warriors,GSW,warriors,240:00,22.0,21.0,19.0,40.0,8.0,10.0,12.0,54.0,4.0,3.0,16.0,21.0
0022300540,1610612762.0,Utah,Jazz,UTA,jazz,240:00,16.0,21.0,3.0,58.0,13.0,15.0,13.0,32.0,8.0,8.0,23.0,21.0
0022300540,1610612761.0,Toronto,Raptors,TOR,raptors,240:00,13.0,15.0,13.0,32.0,16.0,21.0,3.0,58.0,8.0,8.0,21.0,23.0
0022300533,1610612737.0,Atlanta,Hawks,ATL,hawks,240:00,28.0,14.0,14.0,48.0,22.0,13.0,25.0,76.0,2.0,9.0,13.0,21.0
0022300533,1610612754.0,Indiana,Pacers,IND,pacers,240:00,22.0,13.0,25.0,76.0,28.0,14.0,14.0,48.0,9.0,2.0,21.0,13.0
0022300539,1610612743.0,Denver,Nuggets,DEN,nuggets,240:00,13.0,16.0,19.0,56.0,19.0,6.0,13.0,50.0,4.0,3.0,18.0,10.0
0022300539,1610612740.0,New Orleans,Pelicans,NOP,pelicans,240:00,19.0,6.0,13.0,50.0,13.0,16.0,19.0,56.0,3.0,4.0,10.0,18.0
0022300534,1610612765.0,Detroit,Pistons,DET,pistons,240:00,3.0,21.0,6.0,52.0,20.0,16.0,9.0,58.0,9.0,5.0,21.0,16.0
0022300534,1610612745.0,Houston,Rockets,HOU,rockets,240:00,20.0,16.0,9.0,58.0,3.0,21.0,6.0,52.0,5.0,9.0,16.0,21.0
0022300544,1610612763.0,Memphis,Grizzlies,MEM,grizzlies,240:00,23.0,14.0,13.0,50.0,17.0,17.0,15.0,52.0,6.0,11.0,16.0,15.0
0022300544,1610612752.0,New York,Knicks,NYK,knicks,240:00,17.0,17.0,15.0,52.0,23.0,14.0,13.0,50.0,11.0,6.0,15.0,16.0
0022300547,1610612742.0,Dallas,Mavericks,DAL,mavericks,240:00,17.0,17.0,9.0,40.0,16.0,24.0,10.0,50.0,1.0,4.0,25.0,20.0
0022300547,1610612740.0,New Orleans,Pelicans,NOP,pelicans,240:00,16.0,24.0,10.0,50.0,17.0,17.0,9.0,40.0,4.0,1.0,20.0,25.0
0022300545,1610612749.0,Milwaukee,Bucks,MIL,bucks,240:00,10.0,22.0,7.0,62.0,14.0,11.0,7.0,62.0,5.0,4.0,15.0,16.0
0022300545,1610612744.0,Golden State,Warriors,GSW,warriors,240:00,14.0,11.0,7.0,62.0,10.0,22.0,7.0,62.0,4.0,5.0,16.0,15.0
0022300546,1610612760.0,Oklahoma City,Thunder,OKC,thunder,240:00,23.0,15.0,8.0,62.0,10.0,16.0,23.0,48.0,4.0,8.0,19.0,22.0
0022300546,1610612753.0,Orlando,Magic,ORL,magic,240:00,10.0,16.0,23.0,48.0,23.0,15.0,8.0,62.0,8.0,4.0,22.0,19.0
0022300548,1610612759.0,San Antonio,Spurs,SAS,spurs,240:00,10.0,9.0,14.0,36.0,15.0,12.0,14.0,46.0,4.0,8.0,19.0,18.0
0022300548,1610612741.0,Chicago,Bulls,CHI,bulls,240:00,15.0,12.0,14.0,46.0,10.0,9.0,14.0,36.0,8.0,4.0,18.0,19.0
0022300549,1610612762.0,Utah,Jazz,UTA,jazz,240:00,23.0,20.0,27.0,56.0,13.0,11.0,14.0,60.0,5.0,8.0,20.0,23.0
0022300549,1610612747.0,Los Angeles,Lakers,LAL,lakers,240:00,13.0,11.0,14.0,60.0,23.0,20.0,27.0,56.0,8.0,5.0,23.0,20.0
0022300543,1610612737.0,Atlanta,Hawks,ATL,hawks,240:00,14.0,15.0,8.0,36.0,27.0,22.0,31.0,60.0,7.0,9.0,20.0,22.0
0022300543,1610612764.0,Washington,Wizards,WAS,wizards,240:00,27.0,22.0,31.0,60.0,14.0,15.0,8.0,36.0,9.0,7.0,22.0,20.0
0022300542,1610612738.0,Boston,Celtics,BOS,celtics,240:00,18.0,13.0,28.0,38.0,13.0,20.0,21.0,54.0,8.0,3.0,21.0,18.0
0022300542,1610612745.0,Houston,Rockets,HOU,rockets,240:00,13.0,20.0,21.0,54.0,18.0,13.0,28.0,38.0,3.0,8.0,18.0,21.0
0022300552,1610612749.0,Milwaukee,Bucks,MIL,bucks,265:00,14.0,7.0,14.0,44.0,13.0,4.0,11.0,64.0,3.0,2.0,22.0,19.0
0022300552,1610612758.0,Sacramento,Kings,SAC,kings,265:00,13.0,4.0,11.0,64.0,14.0,7.0,14.0,44.0,2.0,3.0,19.0,22.0
0022300553,1610612750.0,Minnesota,Timberwolves,MIN,timberwolves,240:00,11.0,13.0,8.0,44.0,23.0,7.0,8.0,36.0,5.0,4.0,23.0,24.0
0022300553,1610612746.0,LA,Clippers,LAC,clippers,240:00,23.0,7.0,8.0,36.0,11.0,13.0,8.0,44.0,4.0,5.0,24.0,23.0
0022300550,1610612743.0,Denver,Nuggets,DEN,nuggets,240:00,17.0,6.0,11.0,64.0,20.0,20.0,7.0,54.0,3.0,1.0,18.0,21.0
0022300550,1610612754.0,Indiana,Pacers,IND,pacers,240:00,20.0,20.0,7.0,54.0,17.0,6.0,11.0,64.0,1.0,3.0,21.0,18.0
0022300554,1610612757.0,Portland,Trail Blazers,POR,blazers,240:00,15.0,25.0,11.0,32.0,18.0,5.0,17.0,44.0,1.0,5.0,21.0,20.0
0022300554,1610612756.0,Phoenix,Suns,PHX,suns,240:00,18.0,5.0,17.0,44.0,15.0,25.0,11.0,32.0,5.0,1.0,20.0,21.0
0022300551,1610612748.0,Miami,Heat,MIA,heat,240:00,17.0,2.0,25.0,58.0,23.0,23.0,4.0,38.0,6.0,3.0,15.0,17.0
0022300551,1610612766.0,Charlotte,Hornets,CHA,hornets,240:00,23.0,23.0,4.0,38.0,17.0,2.0,25.0,58.0,3.0,6.0,17.0,15.0
0022300562,1610612751.0,Brooklyn,Nets,BKN,nets,265:00,13.0,16.0,16.0,40.0,8.0,4.0,17.0,40.0,9.0,4.0,17.0,16.0
0022300562,1610612748.0,Miami,Heat,MIA,heat,265:00,8.0,4.0,17.0,40.0,13.0,16.0,16.0,40.0,4.0,9.0,16.0,17.0
0022300560,1610612763.0,Memphis,Grizzlies,MEM,grizzlies,240:00,30.0,13.0,11.0,20.0,13.0,16.0,19.0,62.0,10.0,6.0,12.0,25.0
0022300560,1610612744.0,Golden State,Warriors,GSW,warriors,240:00,13.0,16.0,19.0,62.0,30.0,13.0,11.0,20.0,6.0,10.0,25.0,12.0
0022300559,1610612737.0,Atlanta,Hawks,ATL,hawks,240:00,24.0,18.0,8.0,50.0,20.0,10.0,16.0,54.0,6.0,8.0,19.0,18.0
0022300559,1610612759.0,San Antonio,Spurs,SAS,spurs,240:00,20.0,10.0,16.0,54.0,24.0,18.0,8.0,50.0,8.0,6.0,18.0,19.0
0022300565,1610612747.0,Los Angeles,Lakers,LAL,lakers,240:00,14.0,9.0,21.0,64.0,27.0,21.0,11.0,44.0,9.0,6.0,12.0,18.0
0022300565,1610612760.0,Oklahoma City,Thunder,OKC,thunder,240:00,27.0,21.0,11.0,44.0,14.0,9.0,21.0,64.0,6.0,9.0,18.0,12.0
0022300555,1610612755.0,Philadelphia,76ers,PHI,sixers,240:00,13.0,9.0,7.0,34.0,18.0,17.0,21.0,60.0,4.0,9.0,24.0,23.0
0022300555,1610612745.0,Houston,Rockets,HOU,rockets,240:00,18.0,17.0,21.0,60.0,13.0,9.0,7.0,34.0,9.0,4.0,23.0,24.0
0022300561,1610612739.0,Cleveland,Cavaliers,CLE,cavaliers,240:00,18.0,26.0,15.0,36.0,12.0,16.0,13.0,36.0,3.0,6.0,14.0,17.0
0022300561,1610612741.0,Chicago,Bulls,CHI,bulls,240:00,12.0,16.0,13.0,36.0,18.0,26.0,15.0,36.0,6.0,3.0,17.0,14.0
0022300557,1610612752.0,New York,Knicks,NYK,knicks,240:00,8.0,15.0,5.0,36.0,12.0,13.0,9.0,52.0,3.0,3.0,20.0,20.0
0022300557,1610612753.0,Orlando,Magic,ORL,magic,240:00,12.0,13.0,9.0,52.0,8.0,15.0,5.0,36.0,3.0,3.0,20.0,20.0
0022300556,1610612742.0,Dallas,Mavericks,DAL,mavericks,240:00,12.0,17.0,6.0,34.0,16.0,8.0,15.0,60.0,6.0,2.0,29.0,28.0
0022300556,1610612740.0,New Orleans,Pelicans,NOP,pelicans,240:00,16.0,8.0,15.0,60.0,12.0,17.0,6.0,34.0,2.0,6.0,28.0,29.0
0022300563,1610612761.0,Toronto,Raptors,TOR,raptors,240:00,15.0,4.0,30.0,60.0,10.0,6.0,15.0,28.0,2.0,7.0,21.0,16.0
0022300563,1610612738.0,Boston,Celtics,BOS,celtics,240:00,10.0,6.0,15.0,28.0,15.0,4.0,30.0,60.0,7.0,2.0,16.0,21.0
0022300558,1610612764.0,Washington,Wizards,WAS,wizards,240:00,21.0,15.0,18.0,46.0,11.0,25.0,6.0,62.0,7.0,10.0,19.0,13.0
0022300558,1610612765.0,Detroit,Pistons,DET,pistons,240:00,11.0,25.0,6.0,62.0,21.0,15.0,18.0,46.0,10.0,7.0,13.0,19.0
0022300564,1610612762.0,Utah,Jazz,UTA,jazz,240:00,18.0,14.0,17.0,60.0,14.0,11.0,10.0,46.0,8.0,4.0,17.0,31.0
0022300564,1610612754.0,Indiana,Pacers,IND,pacers,240:00,14.0,11.0,10.0,46.0,18.0,14.0,17.0,60.0,4.0,8.0,31.0,17.0
0022300567,1610612756.0,Phoenix,Suns,PHX,suns,240:00,20.0,11.0,27.0,46.0,25.0,11.0,14.0,44.0,6.0,4.0,15.0,20.0
0022300567,1610612758.0,Sacramento,Kings,SAC,kings,240:00,25.0,11.0,14.0,44.0,20.0,11.0,27.0,46.0,4.0,6.0,20.0,15.0
0022300566,1610612755.0,Philadelphia,76ers,PHI,sixers,240:00,12.0,9.0,10.0,40.0,13.0,22.0,2.0,50.0,7.0,3.0,21.0,19.0
0022300566,1610612743.0,Denver,Nuggets,DEN,nuggets,240:00,13.0,22.0,2.0,50.0,12.0,9.0,10.0,40.0,3.0,7.0,19.0,21.0
0022300568,1610612746.0,LA,Clippers,LAC,clippers,240:00,10.0,21.0,16.0,40.0,13.0,14.0,18.0,40.0,10.0,5.0,18.0,19.0
0022300568,1610612760.0,Oklahoma City,Thunder,OKC,thunder,240:00,13.0,14.0,18.0,40.0,10.0,21.0,16.0,40.0,5.0,10.0,19.0,18.0
0022300569,1610612765.0,Detroit,Pistons,DET,pistons,240:00,7.0,12.0,16.0,50.0,9.0,11.0,9.0,64.0,7.0,5.0,18.0,14.0
0022300569,1610612750.0,Minnesota,Timberwolves,MIN,timberwolves,240:00,9.0,11.0,9.0,64.0,7.0,12.0,16.0,50.0,5.0,7.0,14.0,18.0
0022300573,1610612752.0,New York,Knicks,NYK,knicks,240:00,12.0,13.0,9.0,42.0,6.0,4.0,18.0,46.0,5.0,9.0,20.0,18.0
0022300573,1610612745.0,Houston,Rockets,HOU,rockets,240:00,6.0,4.0,18.0,46.0,12.0,13.0,9.0,42.0,9.0,5.0,18.0,20.0
0022300575,1610612740.0,New Orleans,Pelicans,NOP,pelicans,240:00,14.0,23.0,18.0,36.0,11.0,17.0,15.0,38.0,3.0,8.0,14.0,19.0
0022300575,1610612766.0,Charlotte,Hornets,CHA,hornets,240:00,11.0,17.0,15.0,38.0,14.0,23.0,18.0,36.0,8.0,3.0,19.0,14.0
0022300574,1610612761.0,Toronto,Raptors,TOR,raptors,240:00,21.0,19.0,13.0,46.0,10.0,6.0,10.0,68.0,4.0,5.0,14.0,13.0
0022300574,1610612748.0,Miami,Heat,MIA,heat,240:00,10.0,6.0,10.0,68.0,21.0,19.0,13.0,46.0,5.0,4.0,13.0,14.0
0022300578,1610612757.0,Portland,Trail Blazers,POR,blazers,240:00,9.0,16.0,7.0,50.0,19.0,13.0,7.0,40.0,2.0,3.0,16.0,14.0
0022300578,1610612751.0,Brooklyn,Nets,BKN,nets,240:00,19.0,13.0,7.0,40.0,9.0,16.0,7.0,50.0,3.0,2.0,14.0,16.0
0022300571,1610612738.0,Boston,Celtics,BOS,celtics,240:00,17.0,15.0,13.0,42.0,13.0,11.0,10.0,58.0,6.0,3.0,15.0,15.0
0022300571,1610612759.0,San Antonio,Spurs,SAS,spurs,240:00,13.0,11.0,10.0,58.0,17.0,15.0,13.0,42.0,3.0,6.0,15.0,15.0
0022300570,1610612737.0,Atlanta,Hawks,ATL,hawks,240:00,18.0,11.0,11.0,58.0,28.0,25.0,14.0,52.0,2.0,8.0,17.0,22.0
0022300570,1610612753.0,Orlando,Magic,ORL,magic,240:00,28.0,25.0,14.0,52.0,18.0,11.0,11.0,58.0,8.0,2.0,22.0,17.0
0022300577,1610612747.0,Los Angeles,Lakers,LAL,lakers,240:00,20.0,14.0,32.0,62.0,8.0,14.0,7.0,46.0,1.0,5.0,15.0,19.0
0022300577,1610612742.0,Dallas,Mavericks,DAL,mavericks,240:00,8.0,14.0,7.0,46.0,20.0,14.0,32.0,62.0,5.0,1.0,19.0,15.0
0022300572,1610612739.0,Cleveland,Cavaliers,CLE,cavaliers,240:00,17.0,11.0,33.0,74.0,7.0,2.0,8.0,42.0,3.0,6.0,9.0,18.0
0022300572,1610612749.0,Milwaukee,Bucks,MIL,bucks,240:00,7.0,2.0,8.0,42.0,17.0,11.0,33.0,74.0,6.0,3.0,18.0,9.0
0022300583,1610612758.0,Sacramento,Kings,SAC,kings,240:00,18.0,5.0,16.0,54.0,13.0,9.0,7.0,62.0,6.0,6.0,20.0,20.0
0022300583,1610612754.0,Indiana,Pacers,IND,pacers,240:00,13.0,9.0,7.0,62.0,18.0,5.0,16.0,54.0,6.0,6.0,20.0,20.0
0022300581,1610612762.0,Utah,Jazz,UTA,jazz,240:00,19.0,26.0,13.0,54.0,17.0,15.0,29.0,56.0,4.0,10.0,21.0,29.0
0022300581,1610612760.0,Oklahoma City,Thunder,OKC,thunder,240:00,17.0,15.0,29.0,56.0,19.0,26.0,13.0,54.0,10.0,4.0,29.0,21.0
0022300580,1610612761.0,Toronto,Raptors,TOR,raptors,240:00,7.0,5.0,21.0,50.0,21.0,13.0,6.0,74.0,5.0,5.0,18.0,22.0
0022300580,1610612741.0,Chicago,Bulls,CHI,bulls,240:00,21.0,13.0,6.0,74.0,7.0,5.0,21.0,50.0,5.0,5.0,22.0,18.0
0022300579,1610612752.0,New York,Knicks,NYK,knicks,240:00,15.0,7.0,19.0,48.0,23.0,11.0,13.0,56.0,5.0,4.0,18.0,24.0
0022300579,1610612764.0,Washington,Wizards,WAS,wizards,240:00,23.0,11.0,13.0,56.0,15.0,7.0,19.0,48.0,4.0,5.0,24.0,18.0
0022300582,1610612750.0,Minnesota,Timberwolves,MIN,timberwolves,240:00,19.0,17.0,15.0,64.0,11.0,7.0,14.0,50.0,9.0,4.0,13.0,23.0
0022300582,1610612763.0,Memphis,Grizzlies,MEM,grizzlies,240:00,11.0,7.0,14.0,50.0,19.0,17.0,15.0,64.0,4.0,9.0,23.0,13.0
0022300594,1610612764.0,Washington,Wizards,WAS,wizards,240:00,16.0,17.0,21.0,66.0,17.0,23.0,15.0,74.0,4.0,10.0,21.0,19.0
0022300594,1610612759.0,San Antonio,Spurs,SAS,spurs,240:00,17.0,23.0,15.0,74.0,16.0,17.0,21.0,66.0,10.0,4.0,19.0,21.0
0022300585,1610612753.0,Orlando,Magic,ORL,magic,240:00,14.0,18.0,12.0,42.0,21.0,24.0,13.0,46.0,5.0,5.0,23.0,23.0
0022300585,1610612755.0,Philadelphia,76ers,PHI,sixers,240:00,21.0,24.0,13.0,46.0,14.0,18.0,12.0,42.0,5.0,5.0,23.0,23.0
0022300587,1610612748.0,Miami,Heat,MIA,heat,240:00,19.0,14.0,9.0,46.0,22.0,17.0,9.0,42.0,2.0,2.0,17.0,20.0
0022300587,1610612737.0,Atlanta,Hawks,ATL,hawks,240:00,22.0,17.0,9.0,42.0,19.0,14.0,9.0,46.0,2.0,2.0,20.0,17.0
0022300592,1610612765.0,Detroit,Pistons,DET,pistons,240:00,13.0,16.0,15.0,40.0,12.0,8.0,17.0,58.0,2.0,6.0,30.0,18.0
0022300592,1610612749.0,Milwaukee,Bucks,MIL,bucks,240:00,12.0,8.0,17.0,58.0,13.0,16.0,15.0,40.0,6.0,2.0,18.0,30.0
0022300596,1610612752.0,New York,Knicks,NYK,knicks,240:00,12.0,16.0,11.0,64.0,29.0,7.0,23.0,50.0,7.0,5.0,20.0,18.0
0022300596,1610612761.0,Toronto,Raptors,TOR,raptors,240:00,29.0,7.0,23.0,50.0,12.0,16.0,11.0,64.0,5.0,7.0,18.0,20.0
0022300588,1610612740.0,New Orleans,Pelicans,NOP,pelicans,240:00,14.0,17.0,10.0,48.0,10.0,9.0,14.0,42.0,5.0,3.0,16.0,17.0
0022300588,1610612756.0,Phoenix,Suns,PHX,suns,240:00,10.0,9.0,14.0,42.0,14.0,17.0,10.0,48.0,3.0,5.0,17.0,16.0
0022300593,1610612766.0,Charlotte,Hornets,CHA,hornets,240:00,10.0,8.0,15.0,42.0,22.0,3.0,8.0,52.0,7.0,6.0,20.0,12.0
0022300593,1610612755.0,Philadelphia,76ers,PHI,sixers,240:00,22.0,3.0,8.0,52.0,10.0,8.0,15.0,42.0,6.0,7.0,12.0,20.0
0022300595,1610612737.0,Atlanta,Hawks,ATL,hawks,240:00,21.0,4.0,11.0,44.0,12.0,6.0,10.0,44.0,4.0,6.0,15.0,16.0
0022300595,1610612739.0,Cleveland,Cavaliers,CLE,cavaliers,240:00,12.0,6.0,10.0,44.0,21.0,4.0,11.0,44.0,6.0,4.0,16.0,15.0
0022300590,1610612757.0,Portland,Trail Blazers,POR,blazers,240:00,18.0,14.0,7.0,66.0,12.0,11.0,17.0,26.0,11.0,6.0,21.0,26.0
0022300590,1610612754.0,Indiana,Pacers,IND,pacers,240:00,12.0,11.0,17.0,26.0,18.0,14.0,7.0,66.0,6.0,11.0,26.0,21.0
0022300586,1610612738.0,Boston,Celtics,BOS,celtics,240:00,17.0,12.0,13.0,40.0,2.0,15.0,4.0,36.0,2.0,3.0,17.0,13.0
0022300586,1610612743.0,Denver,Nuggets,DEN,nuggets,240:00,2.0,15.0,4.0,36.0,17.0,12.0,13.0,40.0,3.0,2.0,13.0,17.0
0022300597,1610612741.0,Chicago,Bulls,CHI,bulls,240:00,15.0,17.0,18.0,52.0,7.0,4.0,5.0,34.0,5.0,4.0,18.0,13.0
0022300597,1610612763.0,Memphis,Grizzlies,MEM,grizzlies,240:00,7.0,4.0,5.0,34.0,15.0,17.0,18.0,52.0,4.0,5.0,13.0,18.0
0022300599,1610612750.0,Minnesota,Timberwolves,MIN,timberwolves,240:00,8.0,16.0,4.0,32.0,28.0,2.0,15.0,36.0,7.0,4.0,26.0,20.0
0022300599,1610612760.0,Oklahoma City,Thunder,OKC,thunder,240:00,28.0,2.0,15.0,36.0,8.0,16.0,4.0,32.0,4.0,7.0,20.0,26.0
0022300591,1610612747.0,Los Angeles,Lakers,LAL,lakers,240:00,15.0,8.0,23.0,48.0,15.0,14.0,16.0,56.0,3.0,4.0,11.0,17.0
0022300591,1610612751.0,Brooklyn,Nets,BKN,nets,240:00,15.0,14.0,16.0,56.0,15.0,8.0,23.0,48.0,4.0,3.0,17.0,11.0
0022300584,1610612766.0,Charlotte,Hornets,CHA,hornets,240:00,24.0,15.0,9.0,58.0,20.0,9.0,22.0,56.0,4.0,3.0,16.0,17.0
0022300584,1610612759.0,San Antonio,Spurs,SAS,spurs,240:00,20.0,9.0,22.0,56.0,24.0,15.0,9.0,58.0,3.0,4.0,17.0,16.0
0022300598,1610612745.0,Houston,Rockets,HOU,rockets,265:00,24.0,25.0,19.0,64.0,9.0,19.0,10.0,66.0,10.0,8.0,22.0,24.0
0022300598,1610612762.0,Utah,Jazz,UTA,jazz,265:00,9.0,19.0,10.0,66.0,24.0,25.0,19.0,64.0,8.0,10.0,24.0,22.0
0022300605,1610612747.0,Los Angeles,Lakers,LAL,lakers,240:00,23.0,18.0,35.0,60.0,15.0,15.0,8.0,58.0,6.0,5.0,18.0,21.0
0022300605,1610612757.0,Portland,Trail Blazers,POR,blazers,240:00,15.0,15.0,8.0,58.0,23.0,18.0,35.0,60.0,5.0,6.0,21.0,18.0
0022300603,1610612745.0,Houston,Rockets,HOU,rockets,240:00,14.0,10.0,16.0,60.0,10.0,23.0,15.0,42.0,3.0,12.0,17.0,17.0
0022300603,1610612738.0,Boston,Celtics,BOS,celtics,240:00,10.0,23.0,15.0,42.0,14.0,10.0,16.0,60.0,12.0,3.0,17.0,17.0
0022300602,1610612764.0,Washington,Wizards,WAS,wizards,240:00,20.0,16.0,13.0,56.0,18.0,16.0,21.0,58.0,9.0,11.0,23.0,16.0
0022300602,1610612743.0,Denver,Nuggets,DEN,nuggets,240:00,18.0,16.0,21.0,58.0,20.0,16.0,13.0,56.0,11.0,9.0,16.0,23.0
0022300604,1610612756.0,Phoenix,Suns,PHX,suns,240:00,17.0,10.0,20.0,64.0,22.0,14.0,15.0,48.0,5.0,4.0,24.0,20.0
0022300604,1610612754.0,Indiana,Pacers,IND,pacers,240:00,22.0,14.0,15.0,48.0,17.0,10.0,20.0,64.0,4.0,5.0,20.0,24.0
0022300600,1610612746.0,LA,Clippers,LAC,clippers,240:00,20.0,17.0,23.0,54.0,9.0,9.0,19.0,52.0,5.0,5.0,18.0,21.0
0022300600,1610612751.0,Brooklyn,Nets,BKN,nets,240:00,9.0,9.0,19.0,52.0,20.0,17.0,23.0,54.0,5.0,5.0,21.0,18.0
0022300601,1610612753.0,Orlando,Magic,ORL,magic,240:00,29.0,23.0,12.0,54.0,15.0,10.0,7.0,36.0,5.0,1.0,16.0,22.0
0022300601,1610612748.0,Miami,Heat,MIA,heat,240:00,15.0,10.0,7.0,36.0,29.0,23.0,12.0,54.0,1.0,5.0,22.0,16.0
<<<<<<< HEAD,,,,,,,,,,,,,,,,,,
=======,,,,,,,,,,,,,,,,,,
0022300610,1610612750.0,Minnesota,Timberwolves,MIN,timberwolves,240:00,19.0,16.0,9.0,50.0,18.0,8.0,17.0,58.0,1.0,4.0,15.0,20.0
0022300610,1610612766.0,Charlotte,Hornets,CHA,hornets,240:00,18.0,8.0,17.0,58.0,19.0,16.0,9.0,50.0,4.0,1.0,20.0,15.0
0022300611,1610612742.0,Dallas,Mavericks,DAL,mavericks,240:00,6.0,10.0,18.0,50.0,10.0,11.0,15.0,44.0,4.0,8.0,20.0,20.0
0022300611,1610612738.0,Boston,Celtics,BOS,celtics,240:00,10.0,11.0,15.0,44.0,6.0,10.0,18.0,50.0,8.0,4.0,20.0,20.0
0022300608,1610612755.0,Philadelphia,76ers,PHI,sixers,240:00,10.0,22.0,13.0,70.0,8.0,15.0,20.0,58.0,3.0,3.0,20.0,22.0
0022300608,1610612759.0,San Antonio,Spurs,SAS,spurs,240:00,8.0,15.0,20.0,58.0,10.0,22.0,13.0,70.0,3.0,3.0,22.0,20.0
>>>>>>> f7dd391e06f29a8e5aa3f0d38cf8c32ee6aeacd5,,,,,,,,,,,,,,,,,,
0022300612,1610612756.0,Phoenix,Suns,PHX,suns,240:00,22.0,9.0,6.0,46.0,10.0,17.0,15.0,52.0,5.0,4.0,13.0,18.0
0022300612,1610612741.0,Chicago,Bulls,CHI,bulls,240:00,10.0,17.0,15.0,52.0,22.0,9.0,6.0,46.0,4.0,5.0,18.0,13.0
0022300609,1610612761.0,Toronto,Raptors,TOR,raptors,240:00,17.0,16.0,16.0,50.0,15.0,17.0,19.0,58.0,8.0,8.0,14.0,15.0
0022300609,1610612763.0,Memphis,Grizzlies,MEM,grizzlies,240:00,15.0,17.0,19.0,58.0,17.0,16.0,16.0,50.0,8.0,8.0,15.0,14.0
0022300606,1610612765.0,Detroit,Pistons,DET,pistons,240:00,6.0,9.0,9.0,54.0,13.0,18.0,17.0,50.0,9.0,8.0,25.0,22.0
0022300606,1610612749.0,Milwaukee,Bucks,MIL,bucks,240:00,13.0,18.0,17.0,50.0,6.0,9.0,9.0,54.0,8.0,9.0,22.0,25.0
<<<<<<< HEAD,,,,,,,,,,,,,,,,,,
0022300610,1610612750.0,Minnesota,Timberwolves,MIN,timberwolves,240:00,19.0,16.0,9.0,50.0,18.0,8.0,17.0,58.0,1.0,4.0,15.0,20.0
0022300610,1610612766.0,Charlotte,Hornets,CHA,hornets,240:00,18.0,8.0,17.0,58.0,19.0,16.0,9.0,50.0,4.0,1.0,20.0,15.0
0022300608,1610612755.0,Philadelphia,76ers,PHI,sixers,240:00,10.0,22.0,13.0,70.0,8.0,15.0,20.0,58.0,3.0,3.0,20.0,22.0
0022300608,1610612759.0,San Antonio,Spurs,SAS,spurs,240:00,8.0,15.0,20.0,58.0,10.0,22.0,13.0,70.0,3.0,3.0,22.0,20.0
0022300613,1610612758.0,Sacramento,Kings,SAC,kings,240:00,13.0,9.0,15.0,56.0,10.0,16.0,7.0,40.0,2.0,7.0,21.0,19.0
0022300613,1610612737.0,Atlanta,Hawks,ATL,hawks,240:00,10.0,16.0,7.0,40.0,13.0,9.0,15.0,56.0,7.0,2.0,19.0,21.0
0022300611,1610612742.0,Dallas,Mavericks,DAL,mavericks,240:00,6.0,10.0,18.0,50.0,10.0,11.0,15.0,44.0,4.0,8.0,20.0,20.0
0022300611,1610612738.0,Boston,Celtics,BOS,celtics,240:00,10.0,11.0,15.0,44.0,6.0,10.0,18.0,50.0,8.0,4.0,20.0,20.0
0022300607,1610612753.0,Orlando,Magic,ORL,magic,240:00,18.0,12.0,7.0,34.0,22.0,9.0,16.0,40.0,0.0,4.0,17.0,20.0
0022300607,1610612739.0,Cleveland,Cavaliers,CLE,cavaliers,240:00,22.0,9.0,16.0,40.0,18.0,12.0,7.0,34.0,4.0,0.0,20.0,17.0
=======,,,,,,,,,,,,,,,,,,
0022300607,1610612753.0,Orlando,Magic,ORL,magic,240:00,18.0,12.0,7.0,34.0,22.0,9.0,16.0,40.0,0.0,4.0,17.0,20.0
0022300607,1610612739.0,Cleveland,Cavaliers,CLE,cavaliers,240:00,22.0,9.0,16.0,40.0,18.0,12.0,7.0,34.0,4.0,0.0,20.0,17.0
0022300613,1610612758.0,Sacramento,Kings,SAC,kings,240:00,13.0,9.0,15.0,56.0,10.0,16.0,7.0,40.0,2.0,7.0,21.0,19.0
0022300613,1610612737.0,Atlanta,Hawks,ATL,hawks,240:00,10.0,16.0,7.0,40.0,13.0,9.0,15.0,56.0,7.0,2.0,19.0,21.0
>>>>>>> f7dd391e06f29a8e5aa3f0d38cf8c32ee6aeacd5,,,,,,,,,,,,,,,,,,
0022300615,1610612751.0,Brooklyn,Nets,BKN,nets,240:00,16.0,17.0,6.0,44.0,12.0,18.0,8.0,58.0,5.0,8.0,19.0,13.0
0022300615,1610612752.0,New York,Knicks,NYK,knicks,240:00,12.0,18.0,8.0,58.0,16.0,17.0,6.0,44.0,8.0,5.0,13.0,19.0
0022300618,1610612746.0,LA,Clippers,LAC,clippers,240:00,18.0,3.0,22.0,68.0,22.0,18.0,18.0,60.0,5.0,9.0,17.0,15.0
0022300618,1610612747.0,Los Angeles,Lakers,LAL,lakers,240:00,22.0,18.0,18.0,60.0,18.0,3.0,22.0,68.0,9.0,5.0,15.0,17.0
0022300614,1610612754.0,Indiana,Pacers,IND,pacers,240:00,16.0,10.0,4.0,60.0,9.0,10.0,18.0,50.0,1.0,9.0,16.0,17.0
0022300614,1610612743.0,Denver,Nuggets,DEN,nuggets,240:00,9.0,10.0,18.0,50.0,16.0,10.0,4.0,60.0,9.0,1.0,17.0,16.0
0022300616,1610612740.0,New Orleans,Pelicans,NOP,pelicans,240:00,9.0,28.0,35.0,60.0,13.0,10.0,16.0,60.0,4.0,8.0,24.0,15.0
0022300616,1610612762.0,Utah,Jazz,UTA,jazz,240:00,13.0,10.0,16.0,60.0,9.0,28.0,35.0,60.0,8.0,4.0,15.0,24.0
0022300617,1610612760.0,Oklahoma City,Thunder,OKC,thunder,240:00,19.0,8.0,13.0,64.0,22.0,12.0,12.0,32.0,10.0,6.0,18.0,19.0
0022300617,1610612757.0,Portland,Trail Blazers,POR,blazers,240:00,22.0,12.0,12.0,32.0,19.0,8.0,13.0,64.0,6.0,10.0,19.0,18.0
0022300626,1610612744.0,Golden State,Warriors,GSW,warriors,,0.0,0.0,0.0,0.0,0.0,0.0,0.0,0.0,0.0,0.0,0.0,0.0
0022300626,1610612737.0,Atlanta,Hawks,ATL,hawks,,0.0,0.0,0.0,0.0,0.0,0.0,0.0,0.0,0.0,0.0,0.0,0.0
0022300622,1610612759.0,San Antonio,Spurs,SAS,spurs,,0.0,0.0,0.0,0.0,0.0,0.0,0.0,0.0,0.0,0.0,0.0,0.0
0022300622,1610612760.0,Oklahoma City,Thunder,OKC,thunder,,0.0,0.0,0.0,0.0,0.0,0.0,0.0,0.0,0.0,0.0,0.0,0.0
0022300625,1610612742.0,Dallas,Mavericks,DAL,mavericks,240:00,18.0,11.0,6.0,48.0,21.0,12.0,24.0,58.0,3.0,4.0,16.0,20.0
0022300625,1610612756.0,Phoenix,Suns,PHX,suns,240:00,21.0,12.0,24.0,58.0,18.0,11.0,6.0,48.0,4.0,3.0,20.0,16.0
0022300623,1610612745.0,Houston,Rockets,HOU,rockets,265:00,18.0,12.0,28.0,62.0,10.0,23.0,11.0,52.0,6.0,4.0,19.0,18.0
0022300623,1610612757.0,Portland,Trail Blazers,POR,blazers,265:00,10.0,23.0,11.0,52.0,18.0,12.0,28.0,62.0,4.0,6.0,18.0,19.0
0022300620,1610612764.0,Washington,Wizards,WAS,wizards,240:00,4.0,9.0,14.0,50.0,32.0,19.0,17.0,60.0,3.0,7.0,22.0,22.0
0022300620,1610612750.0,Minnesota,Timberwolves,MIN,timberwolves,240:00,32.0,19.0,17.0,60.0,4.0,9.0,14.0,50.0,7.0,3.0,22.0,22.0
0022300619,1610612765.0,Detroit,Pistons,DET,pistons,240:00,12.0,12.0,13.0,54.0,14.0,10.0,13.0,40.0,0.0,5.0,17.0,22.0
0022300619,1610612766.0,Charlotte,Hornets,CHA,hornets,240:00,14.0,10.0,13.0,40.0,12.0,12.0,13.0,54.0,5.0,0.0,22.0,17.0
0022300624,1610612749.0,Milwaukee,Bucks,MIL,bucks,240:00,16.0,14.0,20.0,54.0,10.0,14.0,14.0,56.0,3.0,2.0,16.0,18.0
0022300624,1610612739.0,Cleveland,Cavaliers,CLE,cavaliers,240:00,10.0,14.0,14.0,56.0,16.0,14.0,20.0,54.0,2.0,3.0,18.0,16.0
0022300621,1610612748.0,Miami,Heat,MIA,heat,240:00,14.0,6.0,13.0,42.0,24.0,11.0,22.0,34.0,9.0,6.0,17.0,19.0
0022300621,1610612763.0,Memphis,Grizzlies,MEM,grizzlies,240:00,24.0,11.0,22.0,34.0,14.0,6.0,13.0,42.0,6.0,9.0,19.0,17.0
0022300632,1610612744.0,Golden State,Warriors,GSW,warriors,240:00,11.0,16.0,12.0,52.0,12.0,15.0,18.0,40.0,3.0,5.0,19.0,21.0
0022300632,1610612758.0,Sacramento,Kings,SAC,kings,240:00,12.0,15.0,18.0,40.0,11.0,16.0,12.0,52.0,5.0,3.0,21.0,19.0
0022300630,1610612748.0,Miami,Heat,MIA,heat,240:00,12.0,13.0,15.0,42.0,7.0,12.0,14.0,44.0,1.0,5.0,12.0,10.0
0022300630,1610612738.0,Boston,Celtics,BOS,celtics,240:00,7.0,12.0,14.0,44.0,12.0,13.0,15.0,42.0,5.0,1.0,10.0,12.0
0022300633,1610612747.0,Los Angeles,Lakers,LAL,lakers,240:00,26.0,4.0,12.0,58.0,20.0,18.0,19.0,54.0,4.0,6.0,21.0,18.0
0022300633,1610612741.0,Chicago,Bulls,CHI,bulls,240:00,20.0,18.0,19.0,54.0,26.0,4.0,12.0,58.0,6.0,4.0,18.0,21.0
0022300631,1610612752.0,New York,Knicks,NYK,knicks,240:00,26.0,22.0,23.0,58.0,5.0,13.0,5.0,46.0,3.0,2.0,14.0,20.0
0022300631,1610612743.0,Denver,Nuggets,DEN,nuggets,240:00,5.0,13.0,5.0,46.0,26.0,22.0,23.0,58.0,2.0,3.0,20.0,14.0
0022300628,1610612764.0,Washington,Wizards,WAS,wizards,240:00,18.0,7.0,27.0,66.0,8.0,18.0,14.0,72.0,7.0,2.0,14.0,19.0
0022300628,1610612762.0,Utah,Jazz,UTA,jazz,240:00,8.0,18.0,14.0,72.0,18.0,7.0,27.0,66.0,2.0,7.0,19.0,14.0
0022300627,1610612754.0,Indiana,Pacers,IND,pacers,240:00,15.0,15.0,18.0,68.0,32.0,4.0,13.0,52.0,8.0,6.0,33.0,20.0
0022300627,1610612755.0,Philadelphia,76ers,PHI,sixers,240:00,32.0,4.0,13.0,52.0,15.0,15.0,18.0,68.0,6.0,8.0,20.0,33.0
0022300629,1610612751.0,Brooklyn,Nets,BKN,nets,240:00,22.0,7.0,11.0,38.0,19.0,4.0,11.0,46.0,3.0,4.0,15.0,17.0
0022300629,1610612750.0,Minnesota,Timberwolves,MIN,timberwolves,240:00,19.0,4.0,11.0,46.0,22.0,7.0,11.0,38.0,4.0,3.0,17.0,15.0
0022300635,1610612766.0,Charlotte,Hornets,CHA,hornets,240:00,16.0,7.0,10.0,44.0,18.0,18.0,19.0,68.0,7.0,10.0,25.0,20.0
0022300635,1610612745.0,Houston,Rockets,HOU,rockets,240:00,18.0,18.0,19.0,68.0,16.0,7.0,10.0,44.0,10.0,7.0,20.0,25.0
0022300645,1610612751.0,Brooklyn,Nets,BKN,nets,240:00,22.0,3.0,10.0,40.0,21.0,16.0,13.0,52.0,6.0,3.0,22.0,29.0
0022300645,1610612745.0,Houston,Rockets,HOU,rockets,240:00,21.0,16.0,13.0,52.0,22.0,3.0,10.0,40.0,3.0,6.0,29.0,22.0
0022300649,1610612759.0,San Antonio,Spurs,SAS,spurs,240:00,14.0,17.0,12.0,52.0,14.0,9.0,7.0,60.0,7.0,6.0,14.0,13.0
0022300649,1610612750.0,Minnesota,Timberwolves,MIN,timberwolves,240:00,14.0,9.0,7.0,60.0,14.0,17.0,12.0,52.0,6.0,7.0,13.0,14.0
0022300650,1610612744.0,Golden State,Warriors,GSW,warriors,290:00,19.0,24.0,23.0,54.0,16.0,15.0,31.0,60.0,3.0,5.0,34.0,21.0
0022300650,1610612747.0,Los Angeles,Lakers,LAL,lakers,290:00,16.0,15.0,31.0,60.0,19.0,24.0,23.0,54.0,5.0,3.0,21.0,34.0
0022300643,1610612752.0,New York,Knicks,NYK,knicks,240:00,12.0,8.0,11.0,52.0,15.0,12.0,25.0,50.0,3.0,4.0,15.0,18.0
0022300643,1610612748.0,Miami,Heat,MIA,heat,240:00,15.0,12.0,25.0,50.0,12.0,8.0,11.0,52.0,4.0,3.0,18.0,15.0
0022300636,1610612754.0,Indiana,Pacers,IND,pacers,240:00,25.0,23.0,16.0,84.0,24.0,15.0,19.0,58.0,3.0,5.0,17.0,17.0
0022300636,1610612756.0,Phoenix,Suns,PHX,suns,240:00,24.0,15.0,19.0,58.0,25.0,23.0,16.0,84.0,5.0,3.0,17.0,17.0
0022300640,1610612740.0,New Orleans,Pelicans,NOP,pelicans,240:00,12.0,10.0,9.0,38.0,22.0,12.0,8.0,58.0,5.0,5.0,16.0,11.0
0022300640,1610612760.0,Oklahoma City,Thunder,OKC,thunder,240:00,22.0,12.0,8.0,58.0,12.0,10.0,9.0,38.0,5.0,5.0,11.0,16.0
0022300639,1610612749.0,Milwaukee,Bucks,MIL,bucks,240:00,20.0,13.0,10.0,34.0,16.0,15.0,20.0,44.0,4.0,8.0,24.0,22.0
0022300639,1610612739.0,Cleveland,Cavaliers,CLE,cavaliers,240:00,16.0,15.0,20.0,44.0,20.0,13.0,10.0,34.0,8.0,4.0,22.0,24.0
0022300651,1610612742.0,Dallas,Mavericks,DAL,mavericks,240:00,22.0,16.0,21.0,44.0,15.0,9.0,17.0,54.0,2.0,10.0,24.0,20.0
0022300651,1610612758.0,Sacramento,Kings,SAC,kings,240:00,15.0,9.0,17.0,54.0,22.0,16.0,21.0,44.0,10.0,2.0,20.0,24.0
0022300638,1610612763.0,Memphis,Grizzlies,MEM,grizzlies,240:00,7.0,16.0,4.0,50.0,14.0,11.0,13.0,48.0,7.0,4.0,21.0,14.0
0022300638,1610612753.0,Orlando,Magic,ORL,magic,240:00,14.0,11.0,13.0,48.0,7.0,16.0,4.0,50.0,4.0,7.0,14.0,21.0
0022300642,1610612765.0,Detroit,Pistons,DET,pistons,240:00,13.0,10.0,6.0,44.0,21.0,21.0,20.0,64.0,8.0,4.0,20.0,19.0
0022300642,1610612764.0,Washington,Wizards,WAS,wizards,240:00,21.0,21.0,20.0,64.0,13.0,10.0,6.0,44.0,4.0,8.0,19.0,20.0
0022300644,1610612743.0,Denver,Nuggets,DEN,nuggets,240:00,12.0,16.0,5.0,38.0,8.0,10.0,11.0,60.0,3.0,6.0,15.0,29.0
0022300644,1610612755.0,Philadelphia,76ers,PHI,sixers,240:00,8.0,10.0,11.0,60.0,12.0,16.0,5.0,38.0,6.0,3.0,29.0,15.0
0022300637,1610612761.0,Toronto,Raptors,TOR,raptors,240:00,19.0,16.0,21.0,66.0,18.0,18.0,25.0,70.0,3.0,7.0,18.0,17.0
0022300637,1610612746.0,LA,Clippers,LAC,clippers,240:00,18.0,18.0,25.0,70.0,19.0,16.0,21.0,66.0,7.0,3.0,17.0,18.0
0022300641,1610612759.0,San Antonio,Spurs,SAS,spurs,240:00,17.0,11.0,26.0,60.0,14.0,8.0,14.0,44.0,5.0,3.0,11.0,20.0
0022300641,1610612757.0,Portland,Trail Blazers,POR,blazers,240:00,14.0,8.0,14.0,44.0,17.0,11.0,26.0,60.0,3.0,5.0,20.0,11.0
0022300648,1610612749.0,Milwaukee,Bucks,MIL,bucks,240:00,20.0,4.0,23.0,40.0,9.0,12.0,5.0,48.0,0.0,3.0,25.0,17.0
0022300648,1610612740.0,New Orleans,Pelicans,NOP,pelicans,240:00,9.0,12.0,5.0,48.0,20.0,4.0,23.0,40.0,3.0,0.0,17.0,25.0
0022300646,1610612738.0,Boston,Celtics,BOS,celtics,240:00,10.0,11.0,21.0,48.0,15.0,21.0,26.0,64.0,9.0,8.0,13.0,20.0
0022300646,1610612746.0,LA,Clippers,LAC,clippers,240:00,15.0,21.0,26.0,64.0,10.0,11.0,21.0,48.0,8.0,9.0,20.0,13.0
0022300634,1610612737.0,Atlanta,Hawks,ATL,hawks,240:00,20.0,18.0,16.0,60.0,10.0,10.0,23.0,56.0,2.0,5.0,24.0,25.0
0022300634,1610612742.0,Dallas,Mavericks,DAL,mavericks,240:00,10.0,10.0,23.0,56.0,20.0,18.0,16.0,60.0,5.0,2.0,25.0,24.0
0022300647,1610612766.0,Charlotte,Hornets,CHA,hornets,240:00,20.0,16.0,28.0,62.0,11.0,17.0,9.0,70.0,6.0,6.0,22.0,18.0
0022300647,1610612762.0,Utah,Jazz,UTA,jazz,240:00,11.0,17.0,9.0,70.0,20.0,16.0,28.0,62.0,6.0,6.0,18.0,22.0
0022300653,1610612737.0,Atlanta,Hawks,ATL,hawks,240:00,9.0,32.0,8.0,76.0,19.0,8.0,24.0,52.0,4.0,3.0,21.0,30.0
0022300653,1610612761.0,Toronto,Raptors,TOR,raptors,240:00,19.0,8.0,24.0,52.0,9.0,32.0,8.0,76.0,3.0,4.0,30.0,21.0
0022300652,1610612754.0,Indiana,Pacers,IND,pacers,240:00,24.0,15.0,18.0,54.0,16.0,19.0,14.0,48.0,6.0,7.0,26.0,20.0
0022300652,1610612763.0,Memphis,Grizzlies,MEM,grizzlies,240:00,16.0,19.0,14.0,48.0,24.0,15.0,18.0,54.0,7.0,6.0,20.0,26.0
0022300660,1610612751.0,Brooklyn,Nets,BKN,nets,240:00,27.0,27.0,28.0,60.0,10.0,14.0,16.0,54.0,9.0,7.0,24.0,14.0
0022300660,1610612762.0,Utah,Jazz,UTA,jazz,240:00,10.0,14.0,16.0,54.0,27.0,27.0,28.0,60.0,7.0,9.0,14.0,24.0
0022300656,1610612757.0,Portland,Trail Blazers,POR,blazers,240:00,7.0,11.0,4.0,40.0,17.0,6.0,15.0,52.0,5.0,10.0,21.0,19.0
0022300656,1610612741.0,Chicago,Bulls,CHI,bulls,240:00,17.0,6.0,15.0,52.0,7.0,11.0,4.0,40.0,10.0,5.0,19.0,21.0
0022300662,1610612745.0,Houston,Rockets,HOU,rockets,240:00,18.0,19.0,29.0,68.0,13.0,6.0,15.0,56.0,2.0,6.0,19.0,13.0
0022300662,1610612747.0,Los Angeles,Lakers,LAL,lakers,240:00,13.0,6.0,15.0,56.0,18.0,19.0,29.0,68.0,6.0,2.0,13.0,19.0
0022300659,1610612738.0,Boston,Celtics,BOS,celtics,240:00,13.0,15.0,11.0,44.0,15.0,12.0,7.0,58.0,5.0,6.0,15.0,14.0
0022300659,1610612740.0,New Orleans,Pelicans,NOP,pelicans,240:00,15.0,12.0,7.0,58.0,13.0,15.0,11.0,44.0,6.0,5.0,14.0,14.0
0022300667,1610612743.0,Denver,Nuggets,DEN,nuggets,240:00,15.0,11.0,19.0,58.0,9.0,12.0,10.0,26.0,4.0,7.0,22.0,22.0
0022300667,1610612749.0,Milwaukee,Bucks,MIL,bucks,240:00,9.0,12.0,10.0,26.0,15.0,11.0,19.0,58.0,7.0,4.0,22.0,22.0
0022300666,1610612742.0,Dallas,Mavericks,DAL,mavericks,240:00,10.0,5.0,16.0,48.0,24.0,14.0,18.0,44.0,2.0,1.0,24.0,33.0
0022300666,1610612753.0,Orlando,Magic,ORL,magic,240:00,24.0,14.0,18.0,44.0,10.0,5.0,16.0,48.0,1.0,2.0,33.0,24.0
0022300654,1610612765.0,Detroit,Pistons,DET,pistons,240:00,18.0,19.0,15.0,56.0,12.0,15.0,4.0,56.0,2.0,5.0,11.0,18.0
0022300654,1610612760.0,Oklahoma City,Thunder,OKC,thunder,240:00,12.0,15.0,4.0,56.0,18.0,19.0,15.0,56.0,5.0,2.0,18.0,11.0
0022300663,1610612763.0,Memphis,Grizzlies,MEM,grizzlies,240:00,22.0,11.0,10.0,34.0,22.0,17.0,16.0,56.0,1.0,1.0,16.0,17.0
0022300663,1610612758.0,Sacramento,Kings,SAC,kings,240:00,22.0,17.0,16.0,56.0,22.0,11.0,10.0,34.0,1.0,1.0,17.0,16.0
0022300664,1610612760.0,Oklahoma City,Thunder,OKC,thunder,240:00,14.0,11.0,7.0,34.0,11.0,15.0,7.0,46.0,7.0,2.0,17.0,19.0
0022300664,1610612750.0,Minnesota,Timberwolves,MIN,timberwolves,240:00,11.0,15.0,7.0,46.0,14.0,11.0,7.0,34.0,2.0,7.0,19.0,17.0
0022300661,1610612748.0,Miami,Heat,MIA,heat,240:00,11.0,21.0,16.0,32.0,12.0,25.0,16.0,46.0,5.0,8.0,18.0,16.0
0022300661,1610612756.0,Phoenix,Suns,PHX,suns,240:00,12.0,25.0,16.0,46.0,11.0,21.0,16.0,32.0,8.0,5.0,16.0,18.0
0022300655,1610612753.0,Orlando,Magic,ORL,magic,240:00,21.0,22.0,15.0,50.0,8.0,4.0,4.0,40.0,7.0,5.0,21.0,19.0
0022300655,1610612756.0,Phoenix,Suns,PHX,suns,240:00,8.0,4.0,4.0,40.0,21.0,22.0,15.0,50.0,5.0,7.0,19.0,21.0
0022300668,1610612757.0,Portland,Trail Blazers,POR,blazers,240:00,21.0,21.0,13.0,62.0,12.0,13.0,10.0,58.0,5.0,5.0,24.0,25.0
0022300668,1610612755.0,Philadelphia,76ers,PHI,sixers,240:00,12.0,13.0,10.0,58.0,21.0,21.0,13.0,62.0,5.0,5.0,25.0,24.0
0022300658,1610612739.0,Cleveland,Cavaliers,CLE,cavaliers,240:00,13.0,19.0,17.0,52.0,18.0,12.0,15.0,46.0,3.0,3.0,18.0,21.0
0022300658,1610612746.0,LA,Clippers,LAC,clippers,240:00,18.0,12.0,15.0,46.0,13.0,19.0,17.0,52.0,3.0,3.0,21.0,18.0
0022300657,1610612766.0,Charlotte,Hornets,CHA,hornets,240:00,9.0,11.0,10.0,46.0,25.0,15.0,11.0,62.0,6.0,3.0,14.0,16.0
0022300657,1610612752.0,New York,Knicks,NYK,knicks,240:00,25.0,15.0,11.0,62.0,9.0,11.0,10.0,46.0,3.0,6.0,16.0,14.0
0022300665,1610612759.0,San Antonio,Spurs,SAS,spurs,240:00,19.0,13.0,18.0,50.0,22.0,18.0,15.0,66.0,7.0,8.0,17.0,15.0
0022300665,1610612764.0,Washington,Wizards,WAS,wizards,240:00,22.0,18.0,15.0,66.0,19.0,13.0,18.0,50.0,8.0,7.0,15.0,17.0
0022300670,1610612738.0,Boston,Celtics,BOS,celtics,240:00,8.0,6.0,17.0,44.0,10.0,32.0,9.0,64.0,9.0,2.0,16.0,21.0
0022300670,1610612754.0,Indiana,Pacers,IND,pacers,240:00,10.0,32.0,9.0,64.0,8.0,6.0,17.0,44.0,2.0,9.0,21.0,16.0
0022300672,1610612741.0,Chicago,Bulls,CHI,bulls,240:00,14.0,7.0,20.0,46.0,30.0,19.0,17.0,48.0,9.0,4.0,16.0,20.0
0022300672,1610612761.0,Toronto,Raptors,TOR,raptors,240:00,30.0,19.0,17.0,48.0,14.0,7.0,20.0,46.0,4.0,9.0,20.0,16.0
0022300669,1610612737.0,Atlanta,Hawks,ATL,hawks,240:00,25.0,21.0,26.0,68.0,11.0,11.0,22.0,66.0,2.0,3.0,18.0,16.0
0022300669,1610612747.0,Los Angeles,Lakers,LAL,lakers,240:00,11.0,11.0,22.0,66.0,25.0,21.0,26.0,68.0,3.0,2.0,16.0,18.0
0022300673,1610612744.0,Golden State,Warriors,GSW,warriors,240:00,17.0,6.0,17.0,56.0,19.0,14.0,6.0,46.0,6.0,2.0,20.0,24.0
0022300673,1610612755.0,Philadelphia,76ers,PHI,sixers,240:00,19.0,14.0,6.0,46.0,17.0,6.0,17.0,56.0,2.0,6.0,24.0,20.0
0022300671,1610612752.0,New York,Knicks,NYK,knicks,240:00,22.0,18.0,24.0,62.0,8.0,19.0,16.0,50.0,7.0,5.0,16.0,16.0
0022300671,1610612762.0,Utah,Jazz,UTA,jazz,240:00,8.0,19.0,16.0,50.0,22.0,18.0,24.0,62.0,5.0,7.0,16.0,16.0
0022300676,1610612764.0,Washington,Wizards,WAS,wizards,240:00,8.0,16.0,12.0,64.0,21.0,17.0,24.0,56.0,10.0,7.0,19.0,16.0
0022300676,1610612746.0,LA,Clippers,LAC,clippers,240:00,21.0,17.0,24.0,56.0,8.0,16.0,12.0,64.0,7.0,10.0,16.0,19.0
0022300674,1610612766.0,Charlotte,Hornets,CHA,hornets,240:00,21.0,12.0,14.0,46.0,12.0,13.0,7.0,54.0,6.0,7.0,18.0,13.0
0022300674,1610612741.0,Chicago,Bulls,CHI,bulls,240:00,12.0,13.0,7.0,54.0,21.0,12.0,14.0,46.0,7.0,6.0,13.0,18.0
0022300677,1610612751.0,Brooklyn,Nets,BKN,nets,240:00,12.0,14.0,20.0,50.0,17.0,9.0,19.0,56.0,1.0,6.0,24.0,12.0
0022300677,1610612756.0,Phoenix,Suns,PHX,suns,240:00,17.0,9.0,19.0,56.0,12.0,14.0,20.0,50.0,6.0,1.0,12.0,24.0
0022300681,1610612759.0,San Antonio,Spurs,SAS,spurs,240:00,10.0,11.0,27.0,46.0,23.0,14.0,17.0,62.0,9.0,5.0,20.0,20.0
0022300681,1610612753.0,Orlando,Magic,ORL,magic,240:00,23.0,14.0,17.0,62.0,10.0,11.0,27.0,46.0,5.0,9.0,20.0,20.0
0022300679,1610612745.0,Houston,Rockets,HOU,rockets,240:00,12.0,6.0,17.0,36.0,5.0,15.0,4.0,50.0,2.0,6.0,21.0,22.0
0022300679,1610612740.0,New Orleans,Pelicans,NOP,pelicans,240:00,5.0,15.0,4.0,50.0,12.0,6.0,17.0,36.0,6.0,2.0,22.0,21.0
0022300680,1610612750.0,Minnesota,Timberwolves,MIN,timberwolves,240:00,19.0,15.0,9.0,52.0,5.0,7.0,9.0,38.0,4.0,4.0,24.0,24.0
0022300680,1610612742.0,Dallas,Mavericks,DAL,mavericks,240:00,5.0,7.0,9.0,38.0,19.0,15.0,9.0,52.0,4.0,4.0,24.0,24.0
0022300675,1610612739.0,Cleveland,Cavaliers,CLE,cavaliers,240:00,29.0,15.0,21.0,66.0,10.0,4.0,15.0,44.0,5.0,3.0,15.0,17.0
0022300675,1610612765.0,Detroit,Pistons,DET,pistons,240:00,10.0,4.0,15.0,44.0,29.0,15.0,21.0,66.0,3.0,5.0,17.0,15.0
0022300683,1610612757.0,Portland,Trail Blazers,POR,blazers,240:00,13.0,8.0,9.0,56.0,11.0,16.0,8.0,46.0,1.0,5.0,20.0,17.0
0022300683,1610612749.0,Milwaukee,Bucks,MIL,bucks,240:00,11.0,16.0,8.0,46.0,13.0,8.0,9.0,56.0,5.0,1.0,17.0,20.0
0022300678,1610612748.0,Miami,Heat,MIA,heat,240:00,12.0,7.0,15.0,50.0,6.0,17.0,22.0,54.0,2.0,3.0,16.0,17.0
0022300678,1610612758.0,Sacramento,Kings,SAC,kings,240:00,6.0,17.0,22.0,54.0,12.0,7.0,15.0,50.0,3.0,2.0,17.0,16.0
0022300682,1610612760.0,Oklahoma City,Thunder,OKC,thunder,240:00,15.0,17.0,15.0,50.0,9.0,20.0,12.0,34.0,9.0,9.0,14.0,23.0
0022300682,1610612743.0,Denver,Nuggets,DEN,nuggets,240:00,9.0,20.0,12.0,34.0,15.0,17.0,15.0,50.0,9.0,9.0,23.0,14.0
0022300686,1610612762.0,Utah,Jazz,UTA,jazz,240:00,9.0,17.0,15.0,58.0,18.0,17.0,27.0,56.0,9.0,11.0,15.0,22.0
0022300686,1610612755.0,Philadelphia,76ers,PHI,sixers,240:00,18.0,17.0,27.0,56.0,9.0,17.0,15.0,58.0,11.0,9.0,22.0,15.0
0022300687,1610612763.0,Memphis,Grizzlies,MEM,grizzlies,240:00,13.0,9.0,14.0,46.0,19.0,12.0,22.0,46.0,12.0,8.0,19.0,16.0
0022300687,1610612739.0,Cleveland,Cavaliers,CLE,cavaliers,240:00,19.0,12.0,22.0,46.0,13.0,9.0,14.0,46.0,8.0,12.0,16.0,19.0
0022300684,1610612738.0,Boston,Celtics,BOS,celtics,240:00,6.0,21.0,17.0,38.0,12.0,12.0,21.0,32.0,12.0,2.0,19.0,8.0
0022300684,1610612747.0,Los Angeles,Lakers,LAL,lakers,240:00,12.0,12.0,21.0,32.0,6.0,21.0,17.0,38.0,2.0,12.0,8.0,19.0
0022300685,1610612752.0,New York,Knicks,NYK,knicks,240:00,14.0,25.0,14.0,62.0,11.0,13.0,12.0,48.0,7.0,9.0,14.0,25.0
0022300685,1610612754.0,Indiana,Pacers,IND,pacers,240:00,11.0,13.0,12.0,48.0,14.0,25.0,14.0,62.0,9.0,7.0,25.0,14.0
0022300690,1610612737.0,Atlanta,Hawks,ATL,hawks,240:00,21.0,13.0,9.0,58.0,5.0,11.0,23.0,60.0,4.0,5.0,13.0,17.0
0022300690,1610612756.0,Phoenix,Suns,PHX,suns,240:00,5.0,11.0,23.0,60.0,21.0,13.0,9.0,58.0,5.0,4.0,17.0,13.0
0022300702,1610612742.0,Dallas,Mavericks,DAL,mavericks,240:00,4.0,8.0,11.0,40.0,25.0,7.0,19.0,64.0,1.0,2.0,19.0,21.0
0022300702,1610612749.0,Milwaukee,Bucks,MIL,bucks,240:00,25.0,7.0,19.0,64.0,4.0,8.0,11.0,40.0,2.0,1.0,21.0,19.0
0022300688,1610612765.0,Detroit,Pistons,DET,pistons,240:00,14.0,15.0,8.0,42.0,25.0,15.0,16.0,58.0,3.0,5.0,18.0,21.0
0022300688,1610612746.0,LA,Clippers,LAC,clippers,240:00,25.0,15.0,16.0,58.0,14.0,15.0,8.0,42.0,5.0,3.0,21.0,18.0
0022300695,1610612760.0,Oklahoma City,Thunder,OKC,thunder,240:00,14.0,2.0,18.0,48.0,22.0,11.0,18.0,50.0,10.0,4.0,17.0,21.0
0022300695,1610612766.0,Charlotte,Hornets,CHA,hornets,240:00,22.0,11.0,18.0,50.0,14.0,2.0,18.0,48.0,4.0,10.0,21.0,17.0
0022300689,1610612764.0,Washington,Wizards,WAS,wizards,240:00,19.0,7.0,11.0,48.0,14.0,19.0,13.0,58.0,4.0,1.0,25.0,18.0
0022300689,1610612748.0,Miami,Heat,MIA,heat,240:00,14.0,19.0,13.0,58.0,19.0,7.0,11.0,48.0,1.0,4.0,18.0,25.0
0022300698,1610612755.0,Philadelphia,76ers,PHI,sixers,240:00,16.0,18.0,29.0,62.0,7.0,21.0,15.0,46.0,1.0,5.0,17.0,20.0
0022300698,1610612751.0,Brooklyn,Nets,BKN,nets,240:00,7.0,21.0,15.0,46.0,16.0,18.0,29.0,62.0,5.0,1.0,20.0,17.0
0022300700,1610612741.0,Chicago,Bulls,CHI,bulls,240:00,17.0,14.0,15.0,52.0,19.0,5.0,24.0,50.0,3.0,1.0,20.0,18.0
0022300700,1610612758.0,Sacramento,Kings,SAC,kings,240:00,19.0,5.0,24.0,50.0,17.0,14.0,15.0,52.0,1.0,3.0,18.0,20.0
0022300697,1610612743.0,Denver,Nuggets,DEN,nuggets,240:00,10.0,20.0,11.0,60.0,17.0,11.0,18.0,50.0,6.0,4.0,20.0,16.0
0022300697,1610612757.0,Portland,Trail Blazers,POR,blazers,240:00,17.0,11.0,18.0,50.0,10.0,20.0,11.0,60.0,4.0,6.0,16.0,20.0
0022300694,1610612750.0,Minnesota,Timberwolves,MIN,timberwolves,240:00,17.0,10.0,7.0,48.0,16.0,18.0,17.0,54.0,5.0,4.0,20.0,17.0
0022300694,1610612753.0,Orlando,Magic,ORL,magic,240:00,16.0,18.0,17.0,54.0,17.0,10.0,7.0,48.0,4.0,5.0,17.0,20.0
0022300703,1610612759.0,San Antonio,Spurs,SAS,spurs,240:00,9.0,9.0,16.0,46.0,21.0,20.0,23.0,58.0,6.0,4.0,13.0,19.0
0022300703,1610612739.0,Cleveland,Cavaliers,CLE,cavaliers,240:00,21.0,20.0,23.0,58.0,9.0,9.0,16.0,46.0,4.0,6.0,19.0,13.0
0022300692,1610612745.0,Houston,Rockets,HOU,rockets,240:00,13.0,11.0,22.0,84.0,14.0,8.0,11.0,56.0,3.0,5.0,20.0,18.0
0022300692,1610612761.0,Toronto,Raptors,TOR,raptors,240:00,14.0,8.0,11.0,56.0,13.0,11.0,22.0,84.0,5.0,3.0,18.0,20.0
0022300691,1610612754.0,Indiana,Pacers,IND,pacers,240:00,18.0,16.0,7.0,58.0,31.0,18.0,9.0,66.0,3.0,3.0,20.0,17.0
0022300691,1610612758.0,Sacramento,Kings,SAC,kings,240:00,31.0,18.0,9.0,66.0,18.0,16.0,7.0,58.0,3.0,3.0,17.0,20.0
0022300701,1610612752.0,New York,Knicks,NYK,knicks,240:00,0.0,17.0,14.0,54.0,12.0,2.0,16.0,44.0,4.0,11.0,20.0,16.0
0022300701,1610612747.0,Los Angeles,Lakers,LAL,lakers,240:00,12.0,2.0,16.0,44.0,0.0,17.0,14.0,54.0,11.0,4.0,16.0,20.0
0022300693,1610612763.0,Memphis,Grizzlies,MEM,grizzlies,240:00,19.0,9.0,8.0,42.0,15.0,13.0,15.0,60.0,4.0,8.0,20.0,17.0
0022300693,1610612744.0,Golden State,Warriors,GSW,warriors,240:00,15.0,13.0,15.0,60.0,19.0,9.0,8.0,42.0,8.0,4.0,17.0,20.0
0022300699,1610612737.0,Atlanta,Hawks,ATL,hawks,265:00,20.0,18.0,18.0,72.0,9.0,18.0,17.0,56.0,4.0,7.0,20.0,23.0
0022300699,1610612744.0,Golden State,Warriors,GSW,warriors,265:00,9.0,18.0,17.0,56.0,20.0,18.0,18.0,72.0,7.0,4.0,23.0,20.0
0022300696,1610612759.0,San Antonio,Spurs,SAS,spurs,240:00,14.0,19.0,14.0,62.0,24.0,22.0,13.0,58.0,10.0,3.0,16.0,17.0
0022300696,1610612740.0,New Orleans,Pelicans,NOP,pelicans,240:00,24.0,22.0,13.0,58.0,14.0,19.0,14.0,62.0,3.0,10.0,17.0,16.0
0022300707,1610612766.0,Charlotte,Hornets,CHA,hornets,240:00,14.0,14.0,15.0,52.0,14.0,12.0,11.0,60.0,5.0,4.0,16.0,15.0
0022300707,1610612754.0,Indiana,Pacers,IND,pacers,240:00,14.0,12.0,11.0,60.0,14.0,14.0,15.0,52.0,4.0,5.0,15.0,16.0
0022300712,1610612743.0,Denver,Nuggets,DEN,nuggets,240:00,17.0,19.0,15.0,46.0,14.0,13.0,17.0,50.0,6.0,3.0,11.0,16.0
0022300712,1610612757.0,Portland,Trail Blazers,POR,blazers,240:00,14.0,13.0,17.0,50.0,17.0,19.0,15.0,46.0,3.0,6.0,16.0,11.0
0022300704,1610612765.0,Detroit,Pistons,DET,pistons,240:00,6.0,12.0,14.0,50.0,17.0,10.0,13.0,62.0,5.0,3.0,18.0,18.0
0022300704,1610612753.0,Orlando,Magic,ORL,magic,240:00,17.0,10.0,13.0,62.0,6.0,12.0,14.0,50.0,3.0,5.0,18.0,18.0
0022300708,1610612748.0,Miami,Heat,MIA,heat,240:00,19.0,6.0,15.0,50.0,13.0,8.0,6.0,30.0,0.0,5.0,19.0,12.0
0022300708,1610612746.0,LA,Clippers,LAC,clippers,240:00,13.0,8.0,6.0,30.0,19.0,6.0,15.0,50.0,5.0,0.0,12.0,19.0
0022300710,1610612760.0,Oklahoma City,Thunder,OKC,thunder,290:00,16.0,22.0,9.0,52.0,10.0,19.0,13.0,60.0,8.0,5.0,15.0,16.0
0022300710,1610612761.0,Toronto,Raptors,TOR,raptors,290:00,10.0,19.0,13.0,60.0,16.0,22.0,9.0,52.0,5.0,8.0,16.0,15.0
0022300709,1610612750.0,Minnesota,Timberwolves,MIN,timberwolves,240:00,13.0,16.0,11.0,56.0,18.0,5.0,23.0,38.0,11.0,7.0,19.0,26.0
0022300709,1610612745.0,Houston,Rockets,HOU,rockets,240:00,18.0,5.0,23.0,38.0,13.0,16.0,11.0,56.0,7.0,11.0,26.0,19.0
0022300711,1610612762.0,Utah,Jazz,UTA,jazz,240:00,15.0,13.0,8.0,50.0,19.0,4.0,11.0,30.0,3.0,3.0,24.0,21.0
0022300711,1610612749.0,Milwaukee,Bucks,MIL,bucks,240:00,19.0,4.0,11.0,30.0,15.0,13.0,8.0,50.0,3.0,3.0,21.0,24.0
0022300705,1610612764.0,Washington,Wizards,WAS,wizards,240:00,18.0,18.0,14.0,68.0,27.0,22.0,13.0,58.0,4.0,6.0,19.0,12.0
0022300705,1610612756.0,Phoenix,Suns,PHX,suns,240:00,27.0,22.0,13.0,58.0,18.0,18.0,14.0,68.0,6.0,4.0,12.0,19.0
0022300706,1610612738.0,Boston,Celtics,BOS,celtics,240:00,26.0,18.0,21.0,56.0,13.0,9.0,7.0,38.0,4.0,3.0,13.0,15.0
0022300706,1610612763.0,Memphis,Grizzlies,MEM,grizzlies,240:00,13.0,9.0,7.0,38.0,26.0,18.0,21.0,56.0,3.0,4.0,15.0,13.0
0022300717,1610612751.0,Brooklyn,Nets,BKN,nets,240:00,17.0,7.0,13.0,38.0,14.0,23.0,10.0,72.0,12.0,8.0,23.0,17.0
0022300717,1610612744.0,Golden State,Warriors,GSW,warriors,240:00,14.0,23.0,10.0,72.0,17.0,7.0,13.0,38.0,8.0,12.0,17.0,23.0
0022300714,1610612739.0,Cleveland,Cavaliers,CLE,cavaliers,240:00,17.0,6.0,28.0,48.0,8.0,8.0,12.0,40.0,5.0,1.0,15.0,18.0
0022300714,1610612758.0,Sacramento,Kings,SAC,kings,240:00,8.0,8.0,12.0,40.0,17.0,6.0,28.0,48.0,1.0,5.0,18.0,15.0
0022300718,1610612740.0,New Orleans,Pelicans,NOP,pelicans,240:00,30.0,21.0,15.0,52.0,10.0,14.0,12.0,48.0,5.0,6.0,13.0,12.0
0022300718,1610612761.0,Toronto,Raptors,TOR,raptors,240:00,10.0,14.0,12.0,48.0,30.0,21.0,15.0,52.0,6.0,5.0,12.0,13.0
0022300716,1610612737.0,Atlanta,Hawks,ATL,hawks,240:00,13.0,19.0,11.0,56.0,13.0,11.0,14.0,56.0,4.0,5.0,22.0,19.0
0022300716,1610612746.0,LA,Clippers,LAC,clippers,240:00,13.0,11.0,14.0,56.0,13.0,19.0,11.0,56.0,5.0,4.0,19.0,22.0
0022300713,1610612766.0,Charlotte,Hornets,CHA,hornets,240:00,19.0,3.0,14.0,52.0,9.0,8.0,19.0,78.0,1.0,6.0,16.0,12.0
0022300713,1610612747.0,Los Angeles,Lakers,LAL,lakers,240:00,9.0,8.0,19.0,78.0,19.0,3.0,14.0,52.0,6.0,1.0,12.0,16.0
0022300715,1610612755.0,Philadelphia,76ers,PHI,sixers,240:00,11.0,17.0,22.0,48.0,10.0,14.0,16.0,36.0,5.0,4.0,21.0,16.0
0022300715,1610612742.0,Dallas,Mavericks,DAL,mavericks,240:00,10.0,14.0,16.0,36.0,11.0,17.0,22.0,48.0,4.0,5.0,16.0,21.0
0022300724,1610612762.0,Utah,Jazz,UTA,jazz,240:00,10.0,19.0,9.0,60.0,21.0,9.0,5.0,36.0,8.0,9.0,17.0,16.0
0022300724,1610612760.0,Oklahoma City,Thunder,OKC,thunder,240:00,21.0,9.0,5.0,36.0,10.0,19.0,9.0,60.0,9.0,8.0,16.0,17.0
0022300723,1610612741.0,Chicago,Bulls,CHI,bulls,265:00,22.0,16.0,28.0,56.0,15.0,11.0,13.0,40.0,16.0,5.0,22.0,25.0
0022300723,1610612750.0,Minnesota,Timberwolves,MIN,timberwolves,265:00,15.0,11.0,13.0,40.0,22.0,16.0,28.0,56.0,5.0,16.0,25.0,22.0
0022300721,1610612748.0,Miami,Heat,MIA,heat,240:00,19.0,10.0,27.0,58.0,12.0,11.0,18.0,44.0,3.0,3.0,19.0,17.0
0022300721,1610612753.0,Orlando,Magic,ORL,magic,240:00,12.0,11.0,18.0,44.0,19.0,10.0,27.0,58.0,3.0,3.0,17.0,19.0
0022300725,1610612756.0,Phoenix,Suns,PHX,suns,240:00,16.0,19.0,14.0,50.0,23.0,21.0,19.0,48.0,5.0,4.0,19.0,21.0
0022300725,1610612749.0,Milwaukee,Bucks,MIL,bucks,240:00,23.0,21.0,19.0,48.0,16.0,19.0,14.0,50.0,4.0,5.0,21.0,19.0
0022300720,1610612751.0,Brooklyn,Nets,BKN,nets,240:00,9.0,9.0,11.0,54.0,11.0,13.0,15.0,34.0,5.0,3.0,13.0,12.0
0022300720,1610612742.0,Dallas,Mavericks,DAL,mavericks,240:00,11.0,13.0,15.0,34.0,9.0,9.0,11.0,54.0,3.0,5.0,12.0,13.0
0022300722,1610612752.0,New York,Knicks,NYK,knicks,240:00,21.0,15.0,23.0,72.0,6.0,12.0,14.0,40.0,5.0,5.0,12.0,15.0
0022300722,1610612763.0,Memphis,Grizzlies,MEM,grizzlies,240:00,6.0,12.0,14.0,40.0,21.0,15.0,23.0,72.0,5.0,5.0,15.0,12.0
0022300719,1610612754.0,Indiana,Pacers,IND,pacers,240:00,25.0,5.0,19.0,64.0,13.0,22.0,14.0,58.0,7.0,3.0,20.0,16.0
0022300719,1610612745.0,Houston,Rockets,HOU,rockets,240:00,13.0,22.0,14.0,58.0,25.0,5.0,19.0,64.0,3.0,7.0,16.0,20.0
0022300729,1610612738.0,Boston,Celtics,BOS,celtics,240:00,9.0,8.0,6.0,58.0,18.0,18.0,18.0,56.0,9.0,2.0,16.0,13.0
0022300729,1610612737.0,Atlanta,Hawks,ATL,hawks,240:00,18.0,18.0,18.0,56.0,9.0,8.0,6.0,58.0,2.0,9.0,13.0,16.0
0022300728,1610612764.0,Washington,Wizards,WAS,wizards,240:00,19.0,15.0,13.0,42.0,14.0,17.0,11.0,54.0,5.0,5.0,23.0,11.0
0022300728,1610612739.0,Cleveland,Cavaliers,CLE,cavaliers,240:00,14.0,17.0,11.0,54.0,19.0,15.0,13.0,42.0,5.0,5.0,11.0,23.0
0022300726,1610612766.0,Charlotte,Hornets,CHA,hornets,240:00,12.0,14.0,11.0,40.0,16.0,13.0,10.0,50.0,2.0,3.0,20.0,17.0
0022300726,1610612761.0,Toronto,Raptors,TOR,raptors,240:00,16.0,13.0,10.0,50.0,12.0,14.0,11.0,40.0,3.0,2.0,17.0,20.0
0022300732,1610612758.0,Sacramento,Kings,SAC,kings,240:00,20.0,15.0,12.0,56.0,5.0,7.0,9.0,52.0,6.0,2.0,20.0,21.0
0022300732,1610612765.0,Detroit,Pistons,DET,pistons,240:00,5.0,7.0,9.0,52.0,20.0,15.0,12.0,56.0,2.0,6.0,21.0,20.0
0022300731,1610612746.0,LA,Clippers,LAC,clippers,240:00,15.0,2.0,10.0,38.0,26.0,12.0,20.0,54.0,2.0,5.0,17.0,17.0
0022300731,1610612740.0,New Orleans,Pelicans,NOP,pelicans,240:00,26.0,12.0,20.0,54.0,15.0,2.0,10.0,38.0,5.0,2.0,17.0,17.0
0022300727,1610612755.0,Philadelphia,76ers,PHI,sixers,240:00,19.0,18.0,21.0,66.0,17.0,16.0,27.0,54.0,8.0,8.0,16.0,21.0
0022300727,1610612744.0,Golden State,Warriors,GSW,warriors,240:00,17.0,16.0,27.0,54.0,19.0,18.0,21.0,66.0,8.0,8.0,21.0,16.0
0022300730,1610612748.0,Miami,Heat,MIA,heat,240:00,19.0,6.0,10.0,50.0,13.0,14.0,15.0,52.0,2.0,2.0,20.0,21.0
0022300730,1610612759.0,San Antonio,Spurs,SAS,spurs,240:00,13.0,14.0,15.0,52.0,19.0,6.0,10.0,50.0,2.0,2.0,21.0,20.0
0022300739,1610612756.0,Phoenix,Suns,PHX,suns,240:00,20.0,6.0,30.0,64.0,15.0,20.0,13.0,54.0,7.0,7.0,22.0,14.0
0022300739,1610612762.0,Utah,Jazz,UTA,jazz,240:00,15.0,20.0,13.0,54.0,20.0,6.0,30.0,64.0,7.0,7.0,14.0,22.0
0022300741,1610612757.0,Portland,Trail Blazers,POR,blazers,265:00,25.0,18.0,11.0,54.0,21.0,24.0,17.0,52.0,7.0,7.0,27.0,23.0
0022300741,1610612765.0,Detroit,Pistons,DET,pistons,265:00,21.0,24.0,17.0,52.0,25.0,18.0,11.0,54.0,7.0,7.0,23.0,27.0
0022300734,1610612753.0,Orlando,Magic,ORL,magic,240:00,25.0,12.0,12.0,58.0,18.0,7.0,10.0,52.0,5.0,5.0,20.0,16.0
0022300734,1610612759.0,San Antonio,Spurs,SAS,spurs,240:00,18.0,7.0,10.0,52.0,25.0,12.0,12.0,58.0,5.0,5.0,16.0,20.0
0022300733,1610612754.0,Indiana,Pacers,IND,pacers,240:00,26.0,14.0,15.0,44.0,12.0,20.0,9.0,64.0,6.0,7.0,17.0,22.0
0022300733,1610612744.0,Golden State,Warriors,GSW,warriors,240:00,12.0,20.0,9.0,64.0,26.0,14.0,15.0,44.0,7.0,6.0,22.0,17.0
0022300738,1610612749.0,Milwaukee,Bucks,MIL,bucks,240:00,11.0,15.0,5.0,38.0,16.0,20.0,10.0,46.0,3.0,3.0,10.0,17.0
0022300738,1610612750.0,Minnesota,Timberwolves,MIN,timberwolves,240:00,16.0,20.0,10.0,46.0,11.0,15.0,5.0,38.0,3.0,3.0,17.0,10.0
0022300736,1610612752.0,New York,Knicks,NYK,knicks,240:00,12.0,17.0,15.0,48.0,17.0,7.0,22.0,40.0,2.0,6.0,19.0,13.0
0022300736,1610612742.0,Dallas,Mavericks,DAL,mavericks,240:00,17.0,7.0,22.0,40.0,12.0,17.0,15.0,48.0,6.0,2.0,13.0,19.0
0022300740,1610612747.0,Los Angeles,Lakers,LAL,lakers,240:00,15.0,12.0,13.0,60.0,15.0,21.0,19.0,54.0,10.0,6.0,10.0,17.0
0022300740,1610612743.0,Denver,Nuggets,DEN,nuggets,240:00,15.0,21.0,19.0,54.0,15.0,12.0,13.0,60.0,6.0,10.0,17.0,10.0
0022300735,1610612751.0,Brooklyn,Nets,BKN,nets,240:00,20.0,20.0,14.0,44.0,19.0,9.0,26.0,50.0,3.0,13.0,17.0,18.0
0022300735,1610612739.0,Cleveland,Cavaliers,CLE,cavaliers,240:00,19.0,9.0,26.0,50.0,20.0,20.0,14.0,44.0,13.0,3.0,18.0,17.0
0022300737,1610612763.0,Memphis,Grizzlies,MEM,grizzlies,240:00,20.0,15.0,7.0,48.0,15.0,15.0,12.0,42.0,4.0,4.0,24.0,16.0
0022300737,1610612741.0,Chicago,Bulls,CHI,bulls,240:00,15.0,15.0,12.0,42.0,20.0,15.0,7.0,48.0,4.0,4.0,16.0,24.0
0022300744,1610612761.0,Toronto,Raptors,TOR,raptors,240:00,27.0,19.0,22.0,56.0,14.0,15.0,18.0,38.0,8.0,3.0,17.0,20.0
0022300744,1610612745.0,Houston,Rockets,HOU,rockets,240:00,14.0,15.0,18.0,38.0,27.0,19.0,22.0,56.0,3.0,8.0,20.0,17.0
0022300743,1610612738.0,Boston,Celtics,BOS,celtics,240:00,15.0,11.0,18.0,62.0,15.0,3.0,36.0,42.0,5.0,1.0,17.0,25.0
0022300743,1610612764.0,Washington,Wizards,WAS,wizards,240:00,15.0,3.0,36.0,42.0,15.0,11.0,18.0,62.0,1.0,5.0,25.0,17.0
0022300745,1610612749.0,Milwaukee,Bucks,MIL,bucks,240:00,15.0,6.0,14.0,40.0,5.0,12.0,8.0,30.0,5.0,2.0,24.0,20.0
0022300745,1610612766.0,Charlotte,Hornets,CHA,hornets,240:00,5.0,12.0,8.0,30.0,15.0,6.0,14.0,40.0,2.0,5.0,20.0,24.0
0022300747,1610612747.0,Los Angeles,Lakers,LAL,lakers,240:00,21.0,8.0,15.0,68.0,10.0,15.0,16.0,60.0,5.0,7.0,20.0,22.0
0022300747,1610612740.0,New Orleans,Pelicans,NOP,pelicans,240:00,10.0,15.0,16.0,60.0,21.0,8.0,15.0,68.0,7.0,5.0,22.0,20.0
0022300746,1610612758.0,Sacramento,Kings,SAC,kings,240:00,34.0,13.0,16.0,60.0,19.0,13.0,6.0,42.0,1.0,5.0,22.0,16.0
0022300746,1610612743.0,Denver,Nuggets,DEN,nuggets,240:00,19.0,13.0,6.0,42.0,34.0,13.0,16.0,60.0,5.0,1.0,16.0,22.0
0022300742,1610612755.0,Philadelphia,76ers,PHI,sixers,240:00,18.0,31.0,17.0,46.0,10.0,21.0,4.0,46.0,6.0,9.0,24.0,19.0
0022300742,1610612737.0,Atlanta,Hawks,ATL,hawks,240:00,10.0,21.0,4.0,46.0,18.0,31.0,17.0,46.0,9.0,6.0,19.0,24.0
0022300756,1610612761.0,Toronto,Raptors,TOR,raptors,240:00,13.0,10.0,15.0,46.0,16.0,19.0,17.0,62.0,3.0,4.0,14.0,18.0
0022300756,1610612739.0,Cleveland,Cavaliers,CLE,cavaliers,240:00,16.0,19.0,17.0,62.0,13.0,10.0,15.0,46.0,4.0,3.0,18.0,14.0
0022300757,1610612744.0,Golden State,Warriors,GSW,warriors,240:00,16.0,21.0,13.0,54.0,18.0,13.0,19.0,50.0,2.0,8.0,20.0,13.0
0022300757,1610612756.0,Phoenix,Suns,PHX,suns,240:00,18.0,13.0,19.0,50.0,16.0,21.0,13.0,54.0,8.0,2.0,13.0,20.0
0022300752,1610612753.0,Orlando,Magic,ORL,magic,265:00,9.0,11.0,3.0,48.0,31.0,20.0,10.0,48.0,6.0,6.0,18.0,24.0
0022300752,1610612741.0,Chicago,Bulls,CHI,bulls,265:00,31.0,20.0,10.0,48.0,9.0,11.0,3.0,48.0,6.0,6.0,24.0,18.0
0022300749,1610612746.0,LA,Clippers,LAC,clippers,240:00,13.0,0.0,17.0,36.0,16.0,12.0,28.0,68.0,6.0,2.0,13.0,19.0
0022300749,1610612765.0,Detroit,Pistons,DET,pistons,240:00,16.0,12.0,28.0,68.0,13.0,0.0,17.0,36.0,2.0,6.0,19.0,13.0
0022300758,1610612757.0,Portland,Trail Blazers,POR,blazers,240:00,8.0,8.0,5.0,42.0,26.0,20.0,13.0,42.0,4.0,6.0,14.0,14.0
0022300758,1610612740.0,New Orleans,Pelicans,NOP,pelicans,240:00,26.0,20.0,13.0,42.0,8.0,8.0,5.0,42.0,6.0,4.0,14.0,14.0
0022300753,1610612764.0,Washington,Wizards,WAS,wizards,240:00,13.0,9.0,26.0,54.0,19.0,21.0,16.0,74.0,8.0,4.0,23.0,18.0
0022300753,1610612755.0,Philadelphia,76ers,PHI,sixers,240:00,19.0,21.0,16.0,74.0,13.0,9.0,26.0,54.0,4.0,8.0,18.0,23.0
0022300751,1610612766.0,Charlotte,Hornets,CHA,hornets,240:00,16.0,6.0,11.0,54.0,24.0,11.0,4.0,52.0,4.0,5.0,9.0,13.0
0022300751,1610612763.0,Memphis,Grizzlies,MEM,grizzlies,240:00,24.0,11.0,4.0,52.0,16.0,6.0,11.0,54.0,5.0,4.0,13.0,9.0
0022300754,1610612737.0,Atlanta,Hawks,ATL,hawks,240:00,15.0,10.0,16.0,48.0,18.0,18.0,12.0,52.0,8.0,6.0,18.0,26.0
0022300754,1610612745.0,Houston,Rockets,HOU,rockets,240:00,18.0,18.0,12.0,52.0,15.0,10.0,16.0,48.0,6.0,8.0,26.0,18.0
0022300748,1610612742.0,Dallas,Mavericks,DAL,mavericks,240:00,13.0,14.0,33.0,66.0,13.0,17.0,2.0,34.0,3.0,4.0,23.0,23.0
0022300748,1610612760.0,Oklahoma City,Thunder,OKC,thunder,240:00,13.0,17.0,2.0,34.0,13.0,14.0,33.0,66.0,4.0,3.0,23.0,23.0
0022300750,1610612751.0,Brooklyn,Nets,BKN,nets,240:00,17.0,16.0,24.0,58.0,16.0,13.0,14.0,44.0,7.0,3.0,23.0,11.0
0022300750,1610612759.0,San Antonio,Spurs,SAS,spurs,240:00,16.0,13.0,14.0,44.0,17.0,16.0,24.0,58.0,3.0,7.0,11.0,23.0
0022300755,1610612752.0,New York,Knicks,NYK,knicks,240:00,18.0,4.0,5.0,54.0,10.0,12.0,8.0,62.0,4.0,3.0,15.0,20.0
0022300755,1610612754.0,Indiana,Pacers,IND,pacers,240:00,10.0,12.0,8.0,62.0,18.0,4.0,5.0,54.0,3.0,4.0,20.0,15.0
0022300759,1610612748.0,Miami,Heat,MIA,heat,240:00,15.0,23.0,8.0,50.0,10.0,19.0,0.0,38.0,2.0,9.0,14.0,13.0
0022300759,1610612738.0,Boston,Celtics,BOS,celtics,240:00,10.0,19.0,0.0,38.0,15.0,23.0,8.0,50.0,9.0,2.0,13.0,14.0
0022300760,1610612760.0,Oklahoma City,Thunder,OKC,thunder,240:00,30.0,9.0,14.0,54.0,14.0,11.0,12.0,44.0,9.0,5.0,17.0,22.0
0022300760,1610612758.0,Sacramento,Kings,SAC,kings,240:00,14.0,11.0,12.0,44.0,30.0,9.0,14.0,54.0,5.0,9.0,22.0,17.0
0022300763,1610612737.0,Atlanta,Hawks,ATL,hawks,240:00,13.0,16.0,21.0,56.0,10.0,7.0,7.0,68.0,3.0,2.0,20.0,22.0
0022300763,1610612741.0,Chicago,Bulls,CHI,bulls,240:00,10.0,7.0,7.0,68.0,13.0,16.0,21.0,56.0,2.0,3.0,22.0,20.0
0022300767,1610612749.0,Milwaukee,Bucks,MIL,bucks,240:00,19.0,12.0,20.0,44.0,9.0,16.0,11.0,42.0,6.0,2.0,19.0,14.0
0022300767,1610612743.0,Denver,Nuggets,DEN,nuggets,240:00,9.0,16.0,11.0,42.0,19.0,12.0,20.0,44.0,2.0,6.0,14.0,19.0
0022300769,1610612762.0,Utah,Jazz,UTA,jazz,240:00,16.0,10.0,18.0,58.0,23.0,23.0,22.0,48.0,7.0,4.0,17.0,13.0
0022300769,1610612744.0,Golden State,Warriors,GSW,warriors,240:00,23.0,23.0,22.0,48.0,16.0,10.0,18.0,58.0,4.0,7.0,13.0,17.0
0022300762,1610612739.0,Cleveland,Cavaliers,CLE,cavaliers,240:00,19.0,16.0,13.0,58.0,16.0,16.0,12.0,60.0,8.0,4.0,17.0,22.0
0022300762,1610612755.0,Philadelphia,76ers,PHI,sixers,240:00,16.0,16.0,12.0,60.0,19.0,16.0,13.0,58.0,4.0,8.0,22.0,17.0
0022300770,1610612746.0,LA,Clippers,LAC,clippers,240:00,16.0,12.0,15.0,42.0,17.0,11.0,12.0,64.0,3.0,7.0,14.0,20.0
0022300770,1610612750.0,Minnesota,Timberwolves,MIN,timberwolves,240:00,17.0,11.0,12.0,64.0,16.0,12.0,15.0,42.0,7.0,3.0,20.0,14.0
0022300761,1610612766.0,Charlotte,Hornets,CHA,hornets,240:00,11.0,8.0,11.0,56.0,19.0,2.0,19.0,62.0,3.0,3.0,17.0,11.0
0022300761,1610612754.0,Indiana,Pacers,IND,pacers,240:00,19.0,2.0,19.0,62.0,11.0,8.0,11.0,56.0,3.0,3.0,11.0,17.0
0022300764,1610612761.0,Toronto,Raptors,TOR,raptors,240:00,15.0,12.0,12.0,58.0,32.0,8.0,18.0,70.0,4.0,13.0,20.0,14.0
0022300764,1610612759.0,San Antonio,Spurs,SAS,spurs,240:00,32.0,8.0,18.0,70.0,15.0,12.0,12.0,58.0,13.0,4.0,14.0,20.0
0022300765,1610612745.0,Houston,Rockets,HOU,rockets,240:00,12.0,17.0,12.0,50.0,16.0,19.0,21.0,58.0,3.0,4.0,16.0,23.0
0022300765,1610612752.0,New York,Knicks,NYK,knicks,240:00,16.0,19.0,21.0,58.0,12.0,17.0,12.0,50.0,4.0,3.0,23.0,16.0
0022300768,1610612742.0,Dallas,Mavericks,DAL,mavericks,240:00,8.0,12.0,17.0,64.0,19.0,14.0,20.0,66.0,12.0,7.0,18.0,25.0
0022300768,1610612764.0,Washington,Wizards,WAS,wizards,240:00,19.0,14.0,20.0,66.0,8.0,12.0,17.0,64.0,7.0,12.0,25.0,18.0
0022300766,1610612763.0,Memphis,Grizzlies,MEM,grizzlies,240:00,20.0,2.0,11.0,40.0,25.0,11.0,19.0,30.0,8.0,4.0,17.0,18.0
0022300766,1610612740.0,New Orleans,Pelicans,NOP,pelicans,240:00,25.0,11.0,19.0,30.0,20.0,2.0,11.0,40.0,4.0,8.0,18.0,17.0
0022300771,1610612751.0,Brooklyn,Nets,BKN,nets,240:00,7.0,9.0,8.0,42.0,14.0,7.0,14.0,50.0,3.0,1.0,21.0,24.0
0022300771,1610612738.0,Boston,Celtics,BOS,celtics,240:00,14.0,7.0,14.0,50.0,7.0,9.0,8.0,42.0,1.0,3.0,24.0,21.0
0022300776,1610612747.0,Los Angeles,Lakers,LAL,lakers,240:00,17.0,11.0,16.0,54.0,22.0,18.0,22.0,66.0,11.0,2.0,14.0,24.0
0022300776,1610612765.0,Detroit,Pistons,DET,pistons,240:00,22.0,18.0,22.0,66.0,17.0,11.0,16.0,54.0,2.0,11.0,24.0,14.0
0022300773,1610612749.0,Milwaukee,Bucks,MIL,bucks,240:00,14.0,8.0,12.0,40.0,35.0,13.0,17.0,52.0,4.0,3.0,12.0,13.0
0022300773,1610612748.0,Miami,Heat,MIA,heat,240:00,35.0,13.0,17.0,52.0,14.0,8.0,12.0,40.0,3.0,4.0,13.0,12.0
0022300775,1610612757.0,Portland,Trail Blazers,POR,blazers,240:00,12.0,10.0,19.0,44.0,19.0,17.0,15.0,50.0,1.0,9.0,29.0,18.0
0022300775,1610612750.0,Minnesota,Timberwolves,MIN,timberwolves,240:00,19.0,17.0,15.0,50.0,12.0,10.0,19.0,44.0,9.0,1.0,18.0,29.0
0022300774,1610612756.0,Phoenix,Suns,PHX,suns,240:00,15.0,8.0,4.0,42.0,18.0,18.0,26.0,72.0,6.0,6.0,16.0,27.0
0022300774,1610612758.0,Sacramento,Kings,SAC,kings,240:00,18.0,18.0,26.0,72.0,15.0,8.0,4.0,42.0,6.0,6.0,27.0,16.0
0022300772,1610612753.0,Orlando,Magic,ORL,magic,240:00,11.0,12.0,9.0,50.0,16.0,7.0,15.0,46.0,3.0,8.0,19.0,20.0
0022300772,1610612760.0,Oklahoma City,Thunder,OKC,thunder,240:00,16.0,7.0,15.0,46.0,11.0,12.0,9.0,50.0,8.0,3.0,20.0,19.0
0022300780,1610612738.0,Boston,Celtics,BOS,celtics,240:00,18.0,23.0,17.0,46.0,10.0,6.0,12.0,32.0,5.0,1.0,13.0,12.0
0022300780,1610612751.0,Brooklyn,Nets,BKN,nets,240:00,10.0,6.0,12.0,32.0,18.0,23.0,17.0,46.0,1.0,5.0,12.0,13.0
0022300789,1610612744.0,Golden State,Warriors,GSW,warriors,240:00,15.0,16.0,13.0,48.0,10.0,16.0,11.0,56.0,2.0,4.0,25.0,21.0
0022300789,1610612746.0,LA,Clippers,LAC,clippers,240:00,10.0,16.0,11.0,56.0,15.0,16.0,13.0,48.0,4.0,2.0,21.0,25.0
0022300783,1610612763.0,Memphis,Grizzlies,MEM,grizzlies,240:00,12.0,10.0,13.0,48.0,17.0,25.0,20.0,60.0,11.0,4.0,20.0,25.0
0022300783,1610612745.0,Houston,Rockets,HOU,rockets,240:00,17.0,25.0,20.0,60.0,12.0,10.0,13.0,48.0,4.0,11.0,25.0,20.0
0022300788,1610612762.0,Utah,Jazz,UTA,jazz,240:00,9.0,16.0,15.0,60.0,17.0,22.0,16.0,66.0,7.0,4.0,21.0,13.0
0022300788,1610612747.0,Los Angeles,Lakers,LAL,lakers,240:00,17.0,22.0,16.0,66.0,9.0,16.0,15.0,60.0,4.0,7.0,13.0,21.0
0022300785,1610612742.0,Dallas,Mavericks,DAL,mavericks,240:00,14.0,4.0,12.0,60.0,14.0,19.0,8.0,46.0,10.0,7.0,14.0,9.0
0022300785,1610612759.0,San Antonio,Spurs,SAS,spurs,240:00,14.0,19.0,8.0,46.0,14.0,4.0,12.0,60.0,7.0,10.0,9.0,14.0
0022300777,1610612766.0,Charlotte,Hornets,CHA,hornets,240:00,15.0,14.0,21.0,52.0,12.0,20.0,2.0,42.0,4.0,6.0,18.0,20.0
0022300777,1610612737.0,Atlanta,Hawks,ATL,hawks,240:00,12.0,20.0,2.0,42.0,15.0,14.0,21.0,52.0,6.0,4.0,20.0,18.0
0022300779,1610612755.0,Philadelphia,76ers,PHI,sixers,240:00,10.0,9.0,14.0,54.0,10.0,20.0,14.0,54.0,1.0,1.0,20.0,17.0
0022300779,1610612748.0,Miami,Heat,MIA,heat,240:00,10.0,20.0,14.0,54.0,10.0,9.0,14.0,54.0,1.0,1.0,17.0,20.0
0022300784,1610612740.0,New Orleans,Pelicans,NOP,pelicans,240:00,25.0,17.0,14.0,74.0,21.0,21.0,22.0,44.0,6.0,3.0,21.0,22.0
0022300784,1610612764.0,Washington,Wizards,WAS,wizards,240:00,21.0,21.0,22.0,44.0,25.0,17.0,14.0,74.0,3.0,6.0,22.0,21.0
0022300787,1610612756.0,Phoenix,Suns,PHX,suns,240:00,22.0,13.0,20.0,46.0,28.0,15.0,21.0,50.0,11.0,5.0,20.0,32.0
0022300787,1610612765.0,Detroit,Pistons,DET,pistons,240:00,28.0,15.0,21.0,50.0,22.0,13.0,20.0,46.0,5.0,11.0,32.0,20.0
0022300781,1610612739.0,Cleveland,Cavaliers,CLE,cavaliers,240:00,22.0,7.0,17.0,52.0,9.0,8.0,7.0,28.0,2.0,3.0,18.0,21.0
0022300781,1610612741.0,Chicago,Bulls,CHI,bulls,240:00,9.0,8.0,7.0,28.0,22.0,7.0,17.0,52.0,3.0,2.0,21.0,18.0
0022300778,1610612753.0,Orlando,Magic,ORL,magic,240:00,23.0,11.0,15.0,60.0,13.0,22.0,15.0,40.0,7.0,0.0,22.0,11.0
0022300778,1610612752.0,New York,Knicks,NYK,knicks,240:00,13.0,22.0,15.0,40.0,23.0,11.0,15.0,60.0,0.0,7.0,11.0,22.0
0022300786,1610612743.0,Denver,Nuggets,DEN,nuggets,240:00,16.0,6.0,4.0,40.0,15.0,10.0,13.0,56.0,5.0,5.0,18.0,18.0
0022300786,1610612758.0,Sacramento,Kings,SAC,kings,240:00,15.0,10.0,13.0,56.0,16.0,6.0,4.0,40.0,5.0,5.0,18.0,18.0
0022300782,1610612761.0,Toronto,Raptors,TOR,raptors,240:00,10.0,16.0,40.0,84.0,14.0,8.0,10.0,54.0,7.0,9.0,20.0,20.0
0022300782,1610612754.0,Indiana,Pacers,IND,pacers,240:00,14.0,8.0,10.0,54.0,10.0,16.0,40.0,84.0,9.0,7.0,20.0,20.0
0022300576,1610612762.0,Utah,Jazz,UTA,jazz,240:00,29.0,16.0,14.0,40.0,12.0,15.0,16.0,50.0,3.0,6.0,22.0,19.0
0022300576,1610612744.0,Golden State,Warriors,GSW,warriors,240:00,12.0,15.0,16.0,50.0,29.0,16.0,14.0,40.0,6.0,3.0,19.0,22.0
0022300790,1610612763.0,Memphis,Grizzlies,MEM,grizzlies,240:00,22.0,7.0,10.0,58.0,16.0,9.0,12.0,60.0,3.0,5.0,16.0,22.0
0022300790,1610612749.0,Milwaukee,Bucks,MIL,bucks,240:00,16.0,9.0,12.0,60.0,22.0,7.0,10.0,58.0,5.0,3.0,22.0,16.0
0022300791,1610612757.0,Portland,Trail Blazers,POR,blazers,240:00,5.0,16.0,11.0,42.0,18.0,24.0,19.0,66.0,5.0,5.0,23.0,22.0
0022300791,1610612750.0,Minnesota,Timberwolves,MIN,timberwolves,240:00,18.0,24.0,19.0,66.0,5.0,16.0,11.0,42.0,5.0,5.0,22.0,23.0
0022300797,1610612741.0,Chicago,Bulls,CHI,bulls,240:00,17.0,14.0,6.0,50.0,20.0,6.0,14.0,30.0,2.0,11.0,17.0,16.0
0022300797,1610612738.0,Boston,Celtics,BOS,celtics,240:00,20.0,6.0,14.0,30.0,17.0,14.0,6.0,50.0,11.0,2.0,16.0,17.0
0022300800,1610612743.0,Denver,Nuggets,DEN,nuggets,240:00,20.0,21.0,30.0,88.0,24.0,22.0,22.0,42.0,11.0,1.0,16.0,15.0
0022300800,1610612764.0,Washington,Wizards,WAS,wizards,240:00,24.0,22.0,22.0,42.0,20.0,21.0,30.0,88.0,1.0,11.0,15.0,16.0
0022300801,1610612762.0,Utah,Jazz,UTA,jazz,240:00,9.0,13.0,17.0,50.0,28.0,16.0,24.0,34.0,2.0,3.0,21.0,23.0
0022300801,1610612766.0,Charlotte,Hornets,CHA,hornets,240:00,28.0,16.0,24.0,34.0,9.0,13.0,17.0,50.0,3.0,2.0,23.0,21.0
0022300799,1610612760.0,Oklahoma City,Thunder,OKC,thunder,240:00,20.0,10.0,30.0,54.0,14.0,18.0,10.0,42.0,11.0,2.0,16.0,15.0
0022300799,1610612746.0,LA,Clippers,LAC,clippers,240:00,14.0,18.0,10.0,42.0,20.0,10.0,30.0,54.0,2.0,11.0,15.0,16.0
0022300798,1610612740.0,New Orleans,Pelicans,NOP,pelicans,240:00,34.0,21.0,29.0,62.0,13.0,15.0,22.0,40.0,6.0,5.0,21.0,18.0
0022300798,1610612745.0,Houston,Rockets,HOU,rockets,240:00,13.0,15.0,22.0,40.0,34.0,21.0,29.0,62.0,5.0,6.0,18.0,21.0
0022300796,1610612742.0,Dallas,Mavericks,DAL,mavericks,240:00,29.0,18.0,21.0,40.0,13.0,14.0,11.0,36.0,5.0,4.0,21.0,21.0
0022300796,1610612756.0,Phoenix,Suns,PHX,suns,240:00,13.0,14.0,11.0,36.0,29.0,18.0,21.0,40.0,4.0,5.0,21.0,21.0
0022300802,1610612744.0,Golden State,Warriors,GSW,warriors,240:00,9.0,23.0,13.0,58.0,16.0,13.0,10.0,58.0,4.0,9.0,19.0,18.0
0022300802,1610612747.0,Los Angeles,Lakers,LAL,lakers,240:00,16.0,13.0,10.0,58.0,9.0,23.0,13.0,58.0,9.0,4.0,18.0,19.0
0022300794,1610612755.0,Philadelphia,76ers,PHI,sixers,240:00,23.0,12.0,18.0,54.0,14.0,19.0,19.0,42.0,3.0,6.0,23.0,13.0
0022300794,1610612752.0,New York,Knicks,NYK,knicks,240:00,14.0,19.0,19.0,42.0,23.0,12.0,18.0,54.0,6.0,3.0,13.0,23.0
0022300803,1610612758.0,Sacramento,Kings,SAC,kings,240:00,12.0,14.0,13.0,70.0,17.0,11.0,13.0,72.0,6.0,5.0,12.0,12.0
0022300803,1610612759.0,San Antonio,Spurs,SAS,spurs,240:00,17.0,11.0,13.0,72.0,12.0,14.0,13.0,70.0,5.0,6.0,12.0,12.0
0022300793,1610612754.0,Indiana,Pacers,IND,pacers,240:00,16.0,11.0,26.0,64.0,14.0,4.0,20.0,50.0,5.0,4.0,15.0,21.0
0022300793,1610612765.0,Detroit,Pistons,DET,pistons,240:00,14.0,4.0,20.0,50.0,16.0,11.0,26.0,64.0,4.0,5.0,21.0,15.0
0022300792,1610612739.0,Cleveland,Cavaliers,CLE,cavaliers,240:00,15.0,10.0,17.0,56.0,28.0,12.0,8.0,46.0,5.0,3.0,18.0,23.0
0022300792,1610612753.0,Orlando,Magic,ORL,magic,240:00,28.0,12.0,8.0,46.0,15.0,10.0,17.0,56.0,3.0,5.0,23.0,18.0
0022300795,1610612761.0,Toronto,Raptors,TOR,raptors,240:00,32.0,14.0,46.0,50.0,6.0,10.0,7.0,40.0,6.0,2.0,18.0,24.0
0022300795,1610612751.0,Brooklyn,Nets,BKN,nets,240:00,6.0,10.0,7.0,40.0,32.0,14.0,46.0,50.0,2.0,6.0,24.0,18.0
0022300813,1610612747.0,Los Angeles,Lakers,LAL,lakers,240:00,18.0,13.0,13.0,60.0,13.0,13.0,15.0,50.0,4.0,7.0,18.0,14.0
0022300813,1610612759.0,San Antonio,Spurs,SAS,spurs,240:00,13.0,13.0,15.0,50.0,18.0,13.0,13.0,60.0,7.0,4.0,14.0,18.0
0022300807,1610612763.0,Memphis,Grizzlies,MEM,grizzlies,240:00,21.0,10.0,20.0,56.0,21.0,23.0,16.0,50.0,3.0,2.0,17.0,20.0
0022300807,1610612746.0,LA,Clippers,LAC,clippers,240:00,21.0,23.0,16.0,50.0,21.0,10.0,20.0,56.0,2.0,3.0,20.0,17.0
0022300805,1610612755.0,Philadelphia,76ers,PHI,sixers,240:00,14.0,12.0,10.0,50.0,11.0,5.0,17.0,50.0,7.0,8.0,25.0,15.0
0022300805,1610612739.0,Cleveland,Cavaliers,CLE,cavaliers,240:00,11.0,5.0,17.0,50.0,14.0,12.0,10.0,50.0,8.0,7.0,15.0,25.0
0022300810,1610612740.0,New Orleans,Pelicans,NOP,pelicans,240:00,15.0,25.0,15.0,60.0,18.0,11.0,18.0,46.0,7.0,11.0,19.0,14.0
0022300810,1610612748.0,Miami,Heat,MIA,heat,240:00,18.0,11.0,18.0,46.0,15.0,25.0,15.0,60.0,11.0,7.0,14.0,19.0
0022300809,1610612760.0,Oklahoma City,Thunder,OKC,thunder,240:00,19.0,11.0,23.0,58.0,13.0,15.0,24.0,58.0,9.0,3.0,22.0,17.0
0022300809,1610612764.0,Washington,Wizards,WAS,wizards,240:00,13.0,15.0,24.0,58.0,19.0,11.0,23.0,58.0,3.0,9.0,17.0,22.0
0022300812,1610612757.0,Portland,Trail Blazers,POR,blazers,240:00,15.0,15.0,13.0,66.0,12.0,17.0,15.0,62.0,2.0,6.0,17.0,17.0
0022300812,1610612743.0,Denver,Nuggets,DEN,nuggets,240:00,12.0,17.0,15.0,62.0,15.0,15.0,13.0,66.0,6.0,2.0,17.0,17.0
0022300808,1610612750.0,Minnesota,Timberwolves,MIN,timberwolves,240:00,6.0,32.0,7.0,52.0,20.0,14.0,16.0,44.0,4.0,4.0,18.0,18.0
0022300808,1610612749.0,Milwaukee,Bucks,MIL,bucks,240:00,20.0,14.0,16.0,44.0,6.0,32.0,7.0,52.0,4.0,4.0,18.0,18.0
0022300806,1610612745.0,Houston,Rockets,HOU,rockets,240:00,13.0,24.0,19.0,38.0,15.0,18.0,10.0,48.0,5.0,8.0,23.0,20.0
0022300806,1610612756.0,Phoenix,Suns,PHX,suns,240:00,15.0,18.0,10.0,48.0,13.0,24.0,19.0,38.0,8.0,5.0,20.0,23.0
0022300811,1610612744.0,Golden State,Warriors,GSW,warriors,240:00,18.0,20.0,17.0,42.0,15.0,17.0,6.0,36.0,7.0,6.0,15.0,15.0
0022300811,1610612766.0,Charlotte,Hornets,CHA,hornets,240:00,15.0,17.0,6.0,36.0,18.0,20.0,17.0,42.0,6.0,7.0,15.0,15.0
0022300804,1610612737.0,Atlanta,Hawks,ATL,hawks,240:00,13.0,29.0,9.0,58.0,10.0,12.0,24.0,60.0,4.0,7.0,11.0,20.0
0022300804,1610612761.0,Toronto,Raptors,TOR,raptors,240:00,10.0,12.0,24.0,60.0,13.0,29.0,9.0,58.0,7.0,4.0,20.0,11.0
0022300815,1610612750.0,Minnesota,Timberwolves,MIN,timberwolves,240:00,10.0,12.0,25.0,46.0,10.0,16.0,6.0,50.0,9.0,2.0,14.0,17.0
0022300815,1610612751.0,Brooklyn,Nets,BKN,nets,240:00,10.0,16.0,6.0,50.0,10.0,12.0,25.0,46.0,2.0,9.0,17.0,14.0
0022300816,1610612752.0,New York,Knicks,NYK,knicks,240:00,12.0,18.0,5.0,38.0,18.0,8.0,10.0,58.0,3.0,4.0,15.0,16.0
0022300816,1610612738.0,Boston,Celtics,BOS,celtics,240:00,18.0,8.0,10.0,58.0,12.0,18.0,5.0,38.0,4.0,3.0,16.0,15.0
0022300814,1610612765.0,Detroit,Pistons,DET,pistons,240:00,16.0,12.0,18.0,50.0,10.0,16.0,10.0,58.0,7.0,9.0,21.0,15.0
0022300814,1610612753.0,Orlando,Magic,ORL,magic,240:00,10.0,16.0,10.0,58.0,16.0,12.0,18.0,50.0,9.0,7.0,15.0,21.0
0022300819,1610612754.0,Indiana,Pacers,IND,pacers,240:00,24.0,8.0,23.0,48.0,14.0,14.0,7.0,36.0,0.0,4.0,16.0,13.0
0022300819,1610612742.0,Dallas,Mavericks,DAL,mavericks,240:00,14.0,14.0,7.0,36.0,24.0,8.0,23.0,48.0,4.0,0.0,13.0,16.0
0022300818,1610612756.0,Phoenix,Suns,PHX,suns,240:00,17.0,22.0,10.0,40.0,26.0,10.0,14.0,52.0,9.0,4.0,12.0,14.0
0022300818,1610612747.0,Los Angeles,Lakers,LAL,lakers,240:00,26.0,10.0,14.0,52.0,17.0,22.0,10.0,40.0,4.0,9.0,14.0,12.0
0022300820,1610612764.0,Washington,Wizards,WAS,wizards,240:00,11.0,6.0,26.0,48.0,13.0,8.0,19.0,60.0,2.0,6.0,22.0,16.0
0022300820,1610612739.0,Cleveland,Cavaliers,CLE,cavaliers,240:00,13.0,8.0,19.0,60.0,11.0,6.0,26.0,48.0,6.0,2.0,16.0,22.0
0022300825,1610612762.0,Utah,Jazz,UTA,jazz,240:00,34.0,13.0,30.0,56.0,14.0,12.0,16.0,48.0,8.0,11.0,17.0,17.0
0022300825,1610612759.0,San Antonio,Spurs,SAS,spurs,240:00,14.0,12.0,16.0,48.0,34.0,13.0,30.0,56.0,11.0,8.0,17.0,17.0
0022300826,1610612757.0,Portland,Trail Blazers,POR,blazers,240:00,17.0,21.0,18.0,54.0,21.0,4.0,19.0,50.0,4.0,6.0,16.0,12.0
0022300826,1610612766.0,Charlotte,Hornets,CHA,hornets,240:00,21.0,4.0,19.0,50.0,17.0,21.0,18.0,54.0,6.0,4.0,12.0,16.0
0022300823,1610612740.0,New Orleans,Pelicans,NOP,pelicans,240:00,20.0,14.0,9.0,46.0,19.0,15.0,17.0,46.0,7.0,0.0,17.0,15.0
0022300823,1610612741.0,Chicago,Bulls,CHI,bulls,240:00,19.0,15.0,17.0,46.0,20.0,14.0,9.0,46.0,0.0,7.0,15.0,17.0
0022300824,1610612744.0,Golden State,Warriors,GSW,warriors,240:00,9.0,13.0,3.0,46.0,10.0,14.0,24.0,54.0,3.0,5.0,18.0,20.0
0022300824,1610612743.0,Denver,Nuggets,DEN,nuggets,240:00,10.0,14.0,24.0,54.0,9.0,13.0,3.0,46.0,5.0,3.0,20.0,18.0
0022300822,1610612745.0,Houston,Rockets,HOU,rockets,240:00,19.0,14.0,20.0,36.0,23.0,11.0,2.0,46.0,7.0,8.0,16.0,22.0
0022300822,1610612760.0,Oklahoma City,Thunder,OKC,thunder,240:00,23.0,11.0,2.0,46.0,19.0,14.0,20.0,36.0,8.0,7.0,22.0,16.0
0022300827,1610612746.0,LA,Clippers,LAC,clippers,240:00,14.0,12.0,12.0,62.0,25.0,21.0,8.0,54.0,2.0,1.0,14.0,15.0
0022300827,1610612758.0,Sacramento,Kings,SAC,kings,240:00,25.0,21.0,8.0,54.0,14.0,12.0,12.0,62.0,1.0,2.0,15.0,14.0
0022300817,1610612755.0,Philadelphia,76ers,PHI,sixers,240:00,28.0,15.0,18.0,38.0,14.0,13.0,12.0,46.0,5.0,10.0,18.0,13.0
0022300817,1610612749.0,Milwaukee,Bucks,MIL,bucks,240:00,14.0,13.0,12.0,46.0,28.0,15.0,18.0,38.0,10.0,5.0,13.0,18.0
0022300821,1610612737.0,Atlanta,Hawks,ATL,hawks,240:00,21.0,10.0,16.0,50.0,14.0,11.0,15.0,42.0,3.0,9.0,17.0,19.0
0022300821,1610612753.0,Orlando,Magic,ORL,magic,240:00,14.0,11.0,15.0,42.0,21.0,10.0,16.0,50.0,9.0,3.0,19.0,17.0
0022300828,1610612752.0,New York,Knicks,NYK,knicks,240:00,30.0,23.0,14.0,42.0,8.0,13.0,9.0,40.0,4.0,6.0,16.0,15.0
0022300828,1610612765.0,Detroit,Pistons,DET,pistons,240:00,8.0,13.0,9.0,40.0,30.0,23.0,14.0,42.0,6.0,4.0,15.0,16.0
0022300830,1610612763.0,Memphis,Grizzlies,MEM,grizzlies,240:00,7.0,7.0,9.0,38.0,18.0,21.0,26.0,54.0,4.0,5.0,13.0,24.0
0022300830,1610612751.0,Brooklyn,Nets,BKN,nets,240:00,18.0,21.0,26.0,54.0,7.0,7.0,9.0,38.0,5.0,4.0,24.0,13.0
0022300831,1610612758.0,Sacramento,Kings,SAC,kings,240:00,16.0,13.0,14.0,50.0,17.0,14.0,5.0,60.0,5.0,3.0,20.0,12.0
0022300831,1610612748.0,Miami,Heat,MIA,heat,240:00,17.0,14.0,5.0,60.0,16.0,13.0,14.0,50.0,3.0,5.0,12.0,20.0
0022300829,1610612754.0,Indiana,Pacers,IND,pacers,240:00,12.0,28.0,11.0,50.0,13.0,17.0,26.0,78.0,5.0,7.0,19.0,17.0
0022300829,1610612761.0,Toronto,Raptors,TOR,raptors,240:00,13.0,17.0,26.0,78.0,12.0,28.0,11.0,50.0,7.0,5.0,17.0,19.0
0022300848,1610612746.0,LA,Clippers,LAC,clippers,240:00,15.0,7.0,17.0,64.0,30.0,14.0,31.0,62.0,1.0,5.0,17.0,12.0
0022300848,1610612747.0,Los Angeles,Lakers,LAL,lakers,240:00,30.0,14.0,31.0,62.0,15.0,7.0,17.0,64.0,5.0,1.0,12.0,17.0
0022300838,1610612750.0,Minnesota,Timberwolves,MIN,timberwolves,240:00,30.0,9.0,25.0,56.0,11.0,8.0,21.0,44.0,8.0,7.0,14.0,15.0
0022300838,1610612759.0,San Antonio,Spurs,SAS,spurs,240:00,11.0,8.0,21.0,44.0,30.0,9.0,25.0,56.0,7.0,8.0,15.0,14.0
0022300846,1610612741.0,Chicago,Bulls,CHI,bulls,290:00,13.0,32.0,8.0,52.0,22.0,11.0,7.0,46.0,8.0,11.0,18.0,25.0
0022300846,1610612739.0,Cleveland,Cavaliers,CLE,cavaliers,290:00,22.0,11.0,7.0,46.0,13.0,32.0,8.0,52.0,11.0,8.0,25.0,18.0
0022300835,1610612737.0,Atlanta,Hawks,ATL,hawks,213:45,26.0,20.0,15.0,50.0,17.0,9.0,18.0,40.0,7.0,3.0,11.0,11.0
0022300835,1610612762.0,Utah,Jazz,UTA,jazz,213:45,17.0,9.0,18.0,40.0,26.0,20.0,15.0,50.0,3.0,7.0,11.0,11.0
0022300840,1610612749.0,Milwaukee,Bucks,MIL,bucks,240:00,23.0,16.0,17.0,50.0,11.0,8.0,11.0,32.0,3.0,2.0,17.0,16.0
0022300840,1610612766.0,Charlotte,Hornets,CHA,hornets,240:00,11.0,8.0,11.0,32.0,23.0,16.0,17.0,50.0,2.0,3.0,16.0,17.0
0022300836,1610612738.0,Boston,Celtics,BOS,celtics,240:00,11.0,6.0,28.0,64.0,15.0,6.0,10.0,42.0,9.0,5.0,16.0,23.0
0022300836,1610612755.0,Philadelphia,76ers,PHI,sixers,240:00,15.0,6.0,10.0,42.0,11.0,6.0,28.0,64.0,5.0,9.0,23.0,16.0
0022300842,1610612757.0,Portland,Trail Blazers,POR,blazers,240:00,23.0,20.0,2.0,40.0,11.0,5.0,10.0,40.0,4.0,8.0,25.0,19.0
0022300842,1610612748.0,Miami,Heat,MIA,heat,240:00,11.0,5.0,10.0,40.0,23.0,20.0,2.0,40.0,8.0,4.0,19.0,25.0
0022300834,1610612764.0,Washington,Wizards,WAS,wizards,240:00,28.0,12.0,21.0,56.0,30.0,9.0,21.0,42.0,5.0,6.0,12.0,11.0
0022300834,1610612744.0,Golden State,Warriors,GSW,warriors,240:00,30.0,9.0,21.0,42.0,28.0,12.0,21.0,56.0,6.0,5.0,11.0,12.0
0022300832,1610612739.0,Cleveland,Cavaliers,CLE,cavaliers,240:00,10.0,12.0,21.0,42.0,24.0,9.0,15.0,50.0,4.0,6.0,12.0,12.0
0022300832,1610612742.0,Dallas,Mavericks,DAL,mavericks,240:00,24.0,9.0,15.0,50.0,10.0,12.0,21.0,42.0,6.0,4.0,12.0,12.0
0022300833,1610612753.0,Orlando,Magic,ORL,magic,240:00,29.0,5.0,15.0,56.0,13.0,9.0,5.0,42.0,2.0,1.0,22.0,22.0
0022300833,1610612751.0,Brooklyn,Nets,BKN,nets,240:00,13.0,9.0,5.0,42.0,29.0,5.0,15.0,56.0,1.0,2.0,22.0,22.0
0022300847,1610612743.0,Denver,Nuggets,DEN,nuggets,240:00,28.0,6.0,26.0,44.0,13.0,17.0,14.0,44.0,6.0,5.0,17.0,14.0
0022300847,1610612758.0,Sacramento,Kings,SAC,kings,240:00,13.0,17.0,14.0,44.0,28.0,6.0,26.0,44.0,5.0,6.0,14.0,17.0
0022300843,1610612754.0,Indiana,Pacers,IND,pacers,240:00,9.0,13.0,21.0,58.0,16.0,12.0,8.0,56.0,9.0,4.0,21.0,12.0
0022300843,1610612740.0,New Orleans,Pelicans,NOP,pelicans,240:00,16.0,12.0,8.0,56.0,9.0,13.0,21.0,58.0,4.0,9.0,12.0,21.0
0022300844,1610612761.0,Toronto,Raptors,TOR,raptors,240:00,23.0,14.0,20.0,56.0,19.0,19.0,18.0,56.0,3.0,10.0,21.0,20.0
0022300844,1610612742.0,Dallas,Mavericks,DAL,mavericks,240:00,19.0,19.0,18.0,56.0,23.0,14.0,20.0,56.0,10.0,3.0,20.0,21.0
0022300837,1610612752.0,New York,Knicks,NYK,knicks,240:00,19.0,13.0,11.0,26.0,11.0,14.0,6.0,34.0,5.0,5.0,20.0,21.0
0022300837,1610612740.0,New Orleans,Pelicans,NOP,pelicans,240:00,11.0,14.0,6.0,34.0,19.0,13.0,11.0,26.0,5.0,5.0,21.0,20.0
0022300839,1610612741.0,Chicago,Bulls,CHI,bulls,240:00,25.0,18.0,2.0,50.0,6.0,10.0,14.0,42.0,3.0,8.0,18.0,19.0
0022300839,1610612765.0,Detroit,Pistons,DET,pistons,240:00,6.0,10.0,14.0,42.0,25.0,18.0,2.0,50.0,8.0,3.0,19.0,18.0
0022300841,1610612760.0,Oklahoma City,Thunder,OKC,thunder,240:00,15.0,15.0,19.0,58.0,22.0,21.0,16.0,48.0,8.0,8.0,14.0,16.0
0022300841,1610612745.0,Houston,Rockets,HOU,rockets,240:00,22.0,21.0,16.0,48.0,15.0,15.0,19.0,58.0,8.0,8.0,16.0,14.0
0022300845,1610612750.0,Minnesota,Timberwolves,MIN,timberwolves,240:00,20.0,5.0,8.0,46.0,18.0,18.0,15.0,48.0,13.0,5.0,19.0,22.0
0022300845,1610612763.0,Memphis,Grizzlies,MEM,grizzlies,240:00,18.0,18.0,15.0,48.0,20.0,5.0,8.0,46.0,5.0,13.0,22.0,19.0
0022300856,1610612747.0,Los Angeles,Lakers,LAL,lakers,265:00,14.0,13.0,13.0,84.0,16.0,17.0,19.0,62.0,6.0,6.0,16.0,19.0
0022300856,1610612764.0,Washington,Wizards,WAS,wizards,265:00,16.0,17.0,19.0,62.0,14.0,13.0,13.0,84.0,6.0,6.0,19.0,16.0
0022300854,1610612756.0,Phoenix,Suns,PHX,suns,240:00,21.0,7.0,10.0,30.0,13.0,13.0,18.0,36.0,6.0,5.0,21.0,29.0
0022300854,1610612745.0,Houston,Rockets,HOU,rockets,240:00,13.0,13.0,18.0,36.0,21.0,7.0,10.0,30.0,5.0,6.0,29.0,21.0
0022300855,1610612743.0,Denver,Nuggets,DEN,nuggets,240:00,15.0,13.0,9.0,40.0,12.0,11.0,12.0,48.0,8.0,1.0,23.0,16.0
0022300855,1610612748.0,Miami,Heat,MIA,heat,240:00,12.0,11.0,12.0,48.0,15.0,13.0,9.0,40.0,1.0,8.0,16.0,23.0
0022300851,1610612751.0,Brooklyn,Nets,BKN,nets,240:00,25.0,15.0,12.0,40.0,14.0,14.0,14.0,48.0,4.0,8.0,16.0,14.0
0022300851,1610612737.0,Atlanta,Hawks,ATL,hawks,240:00,14.0,14.0,14.0,48.0,25.0,15.0,12.0,40.0,8.0,4.0,14.0,16.0
0022300852,1610612752.0,New York,Knicks,NYK,knicks,240:00,12.0,16.0,14.0,44.0,14.0,9.0,18.0,58.0,3.0,5.0,15.0,19.0
0022300852,1610612744.0,Golden State,Warriors,GSW,warriors,240:00,14.0,9.0,18.0,58.0,12.0,16.0,14.0,44.0,5.0,3.0,19.0,15.0
0022300850,1610612753.0,Orlando,Magic,ORL,magic,240:00,18.0,9.0,13.0,56.0,25.0,14.0,18.0,30.0,6.0,1.0,20.0,22.0
0022300850,1610612762.0,Utah,Jazz,UTA,jazz,240:00,25.0,14.0,18.0,30.0,18.0,9.0,13.0,56.0,1.0,6.0,22.0,20.0
0022300849,1610612766.0,Charlotte,Hornets,CHA,hornets,240:00,9.0,15.0,5.0,38.0,18.0,12.0,13.0,46.0,3.0,3.0,18.0,18.0
0022300849,1610612749.0,Milwaukee,Bucks,MIL,bucks,240:00,18.0,12.0,13.0,46.0,9.0,15.0,5.0,38.0,3.0,3.0,18.0,18.0
0022300853,1610612759.0,San Antonio,Spurs,SAS,spurs,240:00,13.0,13.0,10.0,50.0,28.0,5.0,22.0,60.0,8.0,2.0,20.0,15.0
0022300853,1610612760.0,Oklahoma City,Thunder,OKC,thunder,240:00,28.0,5.0,22.0,60.0,13.0,13.0,10.0,50.0,2.0,8.0,15.0,20.0
0022300862,1610612750.0,Minnesota,Timberwolves,MIN,timberwolves,265:00,9.0,16.0,0.0,54.0,20.0,20.0,19.0,68.0,5.0,6.0,22.0,29.0
0022300862,1610612758.0,Sacramento,Kings,SAC,kings,265:00,20.0,20.0,19.0,68.0,9.0,16.0,0.0,54.0,6.0,5.0,29.0,22.0
0022300864,1610612741.0,Chicago,Bulls,CHI,bulls,240:00,4.0,14.0,4.0,44.0,12.0,11.0,8.0,40.0,2.0,4.0,21.0,18.0
0022300864,1610612749.0,Milwaukee,Bucks,MIL,bucks,240:00,12.0,11.0,8.0,40.0,4.0,14.0,4.0,44.0,4.0,2.0,18.0,21.0
0022300869,1610612747.0,Los Angeles,Lakers,LAL,lakers,240:00,15.0,9.0,13.0,62.0,7.0,12.0,12.0,64.0,4.0,7.0,9.0,8.0
0022300869,1610612743.0,Denver,Nuggets,DEN,nuggets,240:00,7.0,12.0,12.0,64.0,15.0,9.0,13.0,62.0,7.0,4.0,8.0,9.0
0022300865,1610612746.0,LA,Clippers,LAC,clippers,240:00,14.0,18.0,17.0,62.0,8.0,12.0,22.0,66.0,7.0,3.0,13.0,17.0
0022300865,1610612764.0,Washington,Wizards,WAS,wizards,240:00,8.0,12.0,22.0,66.0,14.0,18.0,17.0,62.0,3.0,7.0,17.0,13.0
0022300857,1610612765.0,Detroit,Pistons,DET,pistons,240:00,16.0,15.0,16.0,40.0,10.0,15.0,11.0,28.0,7.0,6.0,23.0,20.0
0022300857,1610612739.0,Cleveland,Cavaliers,CLE,cavaliers,240:00,10.0,15.0,11.0,28.0,16.0,15.0,16.0,40.0,6.0,7.0,20.0,23.0
0022300866,1610612751.0,Brooklyn,Nets,BKN,nets,240:00,18.0,11.0,15.0,46.0,7.0,15.0,0.0,48.0,8.0,4.0,19.0,19.0
0022300866,1610612737.0,Atlanta,Hawks,ATL,hawks,240:00,7.0,15.0,0.0,48.0,18.0,11.0,15.0,46.0,4.0,8.0,19.0,19.0
0022300868,1610612763.0,Memphis,Grizzlies,MEM,grizzlies,265:00,18.0,5.0,16.0,28.0,25.0,15.0,13.0,50.0,9.0,5.0,17.0,25.0
0022300868,1610612757.0,Portland,Trail Blazers,POR,blazers,265:00,25.0,15.0,13.0,50.0,18.0,5.0,16.0,28.0,5.0,9.0,25.0,17.0
0022300858,1610612755.0,Philadelphia,76ers,PHI,sixers,240:00,4.0,28.0,7.0,44.0,3.0,14.0,12.0,50.0,7.0,6.0,17.0,13.0
0022300858,1610612766.0,Charlotte,Hornets,CHA,hornets,240:00,3.0,14.0,12.0,50.0,4.0,28.0,7.0,44.0,6.0,7.0,13.0,17.0
0022300870,1610612756.0,Phoenix,Suns,PHX,suns,240:00,11.0,8.0,10.0,44.0,19.0,17.0,28.0,46.0,6.0,3.0,17.0,22.0
0022300870,1610612745.0,Houston,Rockets,HOU,rockets,240:00,19.0,17.0,28.0,46.0,11.0,8.0,10.0,44.0,3.0,6.0,22.0,17.0
0022300863,1610612740.0,New Orleans,Pelicans,NOP,pelicans,240:00,20.0,19.0,28.0,54.0,20.0,21.0,12.0,56.0,4.0,8.0,17.0,21.0
0022300863,1610612754.0,Indiana,Pacers,IND,pacers,240:00,20.0,21.0,12.0,56.0,20.0,19.0,28.0,54.0,8.0,4.0,21.0,17.0
0022300860,1610612761.0,Toronto,Raptors,TOR,raptors,240:00,8.0,14.0,24.0,52.0,14.0,15.0,10.0,44.0,2.0,5.0,14.0,14.0
0022300860,1610612744.0,Golden State,Warriors,GSW,warriors,240:00,14.0,15.0,10.0,44.0,8.0,14.0,24.0,52.0,5.0,2.0,14.0,14.0
0022300867,1610612748.0,Miami,Heat,MIA,heat,240:00,13.0,9.0,14.0,62.0,3.0,26.0,7.0,50.0,6.0,5.0,20.0,19.0
0022300867,1610612762.0,Utah,Jazz,UTA,jazz,240:00,3.0,26.0,7.0,50.0,13.0,9.0,14.0,62.0,5.0,6.0,19.0,20.0
0022300859,1610612738.0,Boston,Celtics,BOS,celtics,240:00,13.0,15.0,18.0,62.0,13.0,15.0,10.0,60.0,8.0,4.0,15.0,12.0
0022300859,1610612742.0,Dallas,Mavericks,DAL,mavericks,240:00,13.0,15.0,10.0,60.0,13.0,15.0,18.0,62.0,4.0,8.0,12.0,15.0
0022300861,1610612763.0,Memphis,Grizzlies,MEM,grizzlies,240:00,19.0,11.0,8.0,44.0,27.0,13.0,18.0,66.0,8.0,8.0,17.0,20.0
0022300861,1610612757.0,Portland,Trail Blazers,POR,blazers,240:00,27.0,13.0,18.0,66.0,19.0,11.0,8.0,44.0,8.0,8.0,20.0,17.0
0022300871,1610612742.0,Dallas,Mavericks,DAL,mavericks,240:00,13.0,24.0,24.0,42.0,25.0,17.0,15.0,52.0,2.0,5.0,18.0,19.0
0022300871,1610612755.0,Philadelphia,76ers,PHI,sixers,240:00,25.0,17.0,15.0,52.0,13.0,24.0,24.0,42.0,5.0,2.0,19.0,18.0
0022300872,1610612738.0,Boston,Celtics,BOS,celtics,240:00,15.0,9.0,42.0,54.0,8.0,8.0,12.0,58.0,5.0,3.0,19.0,13.0
0022300872,1610612744.0,Golden State,Warriors,GSW,warriors,240:00,8.0,8.0,12.0,58.0,15.0,9.0,42.0,54.0,3.0,5.0,13.0,19.0
0022300873,1610612750.0,Minnesota,Timberwolves,MIN,timberwolves,240:00,13.0,13.0,0.0,44.0,20.0,14.0,19.0,36.0,7.0,5.0,14.0,12.0
0022300873,1610612746.0,LA,Clippers,LAC,clippers,240:00,20.0,14.0,19.0,36.0,13.0,13.0,0.0,44.0,5.0,7.0,12.0,14.0
0022300874,1610612753.0,Orlando,Magic,ORL,magic,240:00,15.0,14.0,12.0,68.0,28.0,8.0,7.0,40.0,6.0,2.0,16.0,19.0
0022300874,1610612765.0,Detroit,Pistons,DET,pistons,240:00,28.0,8.0,7.0,40.0,15.0,14.0,12.0,68.0,2.0,6.0,19.0,16.0
0022300875,1610612761.0,Toronto,Raptors,TOR,raptors,240:00,13.0,14.0,26.0,58.0,18.0,13.0,15.0,62.0,6.0,6.0,16.0,15.0
0022300875,1610612766.0,Charlotte,Hornets,CHA,hornets,240:00,18.0,13.0,15.0,62.0,13.0,14.0,26.0,58.0,6.0,6.0,15.0,16.0
0022300877,1610612759.0,San Antonio,Spurs,SAS,spurs,240:00,17.0,17.0,13.0,66.0,17.0,19.0,9.0,56.0,8.0,4.0,17.0,14.0
0022300877,1610612754.0,Indiana,Pacers,IND,pacers,240:00,17.0,19.0,9.0,56.0,17.0,17.0,13.0,66.0,4.0,8.0,14.0,17.0
0022300878,1610612756.0,Phoenix,Suns,PHX,suns,240:00,9.0,18.0,8.0,44.0,31.0,7.0,18.0,54.0,7.0,8.0,15.0,15.0
0022300878,1610612760.0,Oklahoma City,Thunder,OKC,thunder,240:00,31.0,7.0,18.0,54.0,9.0,18.0,8.0,44.0,8.0,7.0,15.0,15.0
0022300876,1610612739.0,Cleveland,Cavaliers,CLE,cavaliers,240:00,10.0,7.0,7.0,38.0,14.0,8.0,11.0,44.0,5.0,9.0,11.0,13.0
0022300876,1610612752.0,New York,Knicks,NYK,knicks,240:00,14.0,8.0,11.0,44.0,10.0,7.0,7.0,38.0,9.0,5.0,13.0,11.0
0022300880,1610612749.0,Milwaukee,Bucks,MIL,bucks,240:00,14.0,10.0,6.0,34.0,15.0,8.0,10.0,38.0,3.0,3.0,20.0,21.0
0022300880,1610612746.0,LA,Clippers,LAC,clippers,240:00,15.0,8.0,10.0,38.0,14.0,10.0,6.0,34.0,3.0,3.0,21.0,20.0
0022300879,1610612751.0,Brooklyn,Nets,BKN,nets,240:00,25.0,17.0,8.0,40.0,16.0,25.0,7.0,50.0,6.0,3.0,20.0,22.0
0022300879,1610612763.0,Memphis,Grizzlies,MEM,grizzlies,240:00,16.0,25.0,7.0,50.0,25.0,17.0,8.0,40.0,3.0,6.0,22.0,20.0
0022300882,1610612762.0,Utah,Jazz,UTA,jazz,240:00,19.0,19.0,14.0,60.0,20.0,5.0,33.0,42.0,9.0,3.0,16.0,15.0
0022300882,1610612764.0,Washington,Wizards,WAS,wizards,240:00,20.0,5.0,33.0,42.0,19.0,19.0,14.0,60.0,3.0,9.0,15.0,16.0
0022300881,1610612750.0,Minnesota,Timberwolves,MIN,timberwolves,240:00,25.0,16.0,7.0,56.0,16.0,16.0,15.0,54.0,7.0,3.0,17.0,26.0
0022300881,1610612757.0,Portland,Trail Blazers,POR,blazers,240:00,16.0,16.0,15.0,54.0,25.0,16.0,7.0,56.0,3.0,7.0,26.0,17.0
0022300884,1610612747.0,Los Angeles,Lakers,LAL,lakers,240:00,10.0,22.0,16.0,48.0,26.0,15.0,20.0,36.0,7.0,7.0,15.0,20.0
0022300884,1610612760.0,Oklahoma City,Thunder,OKC,thunder,240:00,26.0,15.0,20.0,36.0,10.0,22.0,16.0,48.0,7.0,7.0,20.0,15.0
0022300883,1610612758.0,Sacramento,Kings,SAC,kings,240:00,12.0,24.0,8.0,50.0,24.0,12.0,12.0,54.0,6.0,2.0,22.0,17.0
0022300883,1610612741.0,Chicago,Bulls,CHI,bulls,240:00,24.0,12.0,12.0,54.0,12.0,24.0,8.0,50.0,2.0,6.0,17.0,22.0
0022300887,1610612751.0,Brooklyn,Nets,BKN,nets,240:00,11.0,9.0,8.0,58.0,18.0,9.0,10.0,48.0,7.0,2.0,16.0,24.0
0022300887,1610612755.0,Philadelphia,76ers,PHI,sixers,240:00,18.0,9.0,10.0,48.0,11.0,9.0,8.0,58.0,2.0,7.0,24.0,16.0
0022300889,1610612752.0,New York,Knicks,NYK,knicks,240:00,9.0,15.0,25.0,40.0,17.0,19.0,11.0,56.0,6.0,5.0,18.0,13.0
0022300889,1610612737.0,Atlanta,Hawks,ATL,hawks,240:00,17.0,19.0,11.0,56.0,9.0,15.0,25.0,40.0,5.0,6.0,13.0,18.0
0022300892,1610612742.0,Dallas,Mavericks,DAL,mavericks,240:00,9.0,10.0,20.0,58.0,19.0,20.0,10.0,50.0,6.0,2.0,23.0,21.0
0022300892,1610612754.0,Indiana,Pacers,IND,pacers,240:00,19.0,20.0,10.0,50.0,9.0,10.0,20.0,58.0,2.0,6.0,21.0,23.0
0022300888,1610612748.0,Miami,Heat,MIA,heat,240:00,15.0,15.0,16.0,48.0,14.0,16.0,9.0,48.0,5.0,3.0,14.0,16.0
0022300888,1610612765.0,Detroit,Pistons,DET,pistons,240:00,14.0,16.0,9.0,48.0,15.0,15.0,16.0,48.0,3.0,5.0,16.0,14.0
0022300893,1610612743.0,Denver,Nuggets,DEN,nuggets,265:00,13.0,14.0,26.0,40.0,18.0,14.0,13.0,40.0,6.0,7.0,15.0,19.0
0022300893,1610612756.0,Phoenix,Suns,PHX,suns,265:00,18.0,14.0,13.0,40.0,13.0,14.0,26.0,40.0,7.0,6.0,19.0,15.0
0022300891,1610612745.0,Houston,Rockets,HOU,rockets,240:00,28.0,21.0,14.0,70.0,9.0,9.0,14.0,44.0,5.0,10.0,15.0,12.0
0022300891,1610612759.0,San Antonio,Spurs,SAS,spurs,240:00,9.0,9.0,14.0,44.0,28.0,21.0,14.0,70.0,10.0,5.0,12.0,15.0
0022300886,1610612739.0,Cleveland,Cavaliers,CLE,cavaliers,240:00,17.0,14.0,7.0,32.0,19.0,12.0,12.0,48.0,3.0,9.0,10.0,13.0
0022300886,1610612738.0,Boston,Celtics,BOS,celtics,240:00,19.0,12.0,12.0,48.0,17.0,14.0,7.0,32.0,9.0,3.0,13.0,10.0
0022300885,1610612766.0,Charlotte,Hornets,CHA,hornets,240:00,10.0,7.0,0.0,30.0,23.0,14.0,8.0,42.0,1.0,1.0,19.0,16.0
0022300885,1610612753.0,Orlando,Magic,ORL,magic,240:00,23.0,14.0,8.0,42.0,10.0,7.0,0.0,30.0,1.0,1.0,16.0,19.0
0022300890,1610612761.0,Toronto,Raptors,TOR,raptors,240:00,8.0,12.0,22.0,44.0,18.0,15.0,27.0,56.0,7.0,5.0,11.0,19.0
0022300890,1610612740.0,New Orleans,Pelicans,NOP,pelicans,240:00,18.0,15.0,27.0,56.0,8.0,12.0,22.0,44.0,5.0,7.0,19.0,11.0
0022300898,1610612762.0,Utah,Jazz,UTA,jazz,240:00,7.0,22.0,4.0,54.0,14.0,8.0,15.0,48.0,7.0,4.0,14.0,13.0
0022300898,1610612741.0,Chicago,Bulls,CHI,bulls,240:00,14.0,8.0,15.0,48.0,7.0,22.0,4.0,54.0,4.0,7.0,13.0,14.0
0022300896,1610612755.0,Philadelphia,76ers,PHI,sixers,240:00,18.0,35.0,19.0,44.0,13.0,23.0,4.0,54.0,9.0,15.0,21.0,14.0
0022300896,1610612763.0,Memphis,Grizzlies,MEM,grizzlies,240:00,13.0,23.0,4.0,54.0,18.0,35.0,19.0,44.0,15.0,9.0,14.0,21.0
0022300897,1610612745.0,Houston,Rockets,HOU,rockets,240:00,6.0,10.0,10.0,48.0,11.0,11.0,11.0,48.0,2.0,8.0,21.0,17.0
0022300897,1610612746.0,LA,Clippers,LAC,clippers,240:00,11.0,11.0,11.0,48.0,6.0,10.0,10.0,48.0,8.0,2.0,17.0,21.0
0022300899,1610612744.0,Golden State,Warriors,GSW,warriors,240:00,21.0,8.0,19.0,54.0,12.0,8.0,10.0,36.0,13.0,5.0,13.0,10.0
0022300899,1610612749.0,Milwaukee,Bucks,MIL,bucks,240:00,12.0,8.0,10.0,36.0,21.0,8.0,19.0,54.0,5.0,13.0,10.0,13.0
0022300900,1610612757.0,Portland,Trail Blazers,POR,blazers,240:00,19.0,9.0,18.0,52.0,25.0,11.0,13.0,62.0,2.0,5.0,28.0,18.0
0022300900,1610612760.0,Oklahoma City,Thunder,OKC,thunder,240:00,25.0,11.0,13.0,62.0,19.0,9.0,18.0,52.0,5.0,2.0,18.0,28.0
0022300894,1610612764.0,Washington,Wizards,WAS,wizards,240:00,16.0,8.0,18.0,52.0,10.0,16.0,12.0,56.0,4.0,5.0,20.0,14.0
0022300894,1610612753.0,Orlando,Magic,ORL,magic,240:00,10.0,16.0,12.0,56.0,16.0,8.0,18.0,52.0,5.0,4.0,14.0,20.0
0022300901,1610612747.0,Los Angeles,Lakers,LAL,lakers,240:00,11.0,5.0,19.0,50.0,14.0,13.0,25.0,76.0,5.0,2.0,14.0,23.0
0022300901,1610612758.0,Sacramento,Kings,SAC,kings,240:00,14.0,13.0,25.0,76.0,11.0,5.0,19.0,50.0,2.0,5.0,23.0,14.0
0022300895,1610612737.0,Atlanta,Hawks,ATL,hawks,240:00,25.0,6.0,12.0,58.0,12.0,14.0,15.0,52.0,3.0,4.0,17.0,16.0
0022300895,1610612739.0,Cleveland,Cavaliers,CLE,cavaliers,240:00,12.0,14.0,15.0,52.0,25.0,6.0,12.0,58.0,4.0,3.0,16.0,17.0
0022300930,1610612739.0,Cleveland,Cavaliers,CLE,cavaliers,240:00,18.0,8.0,15.0,40.0,13.0,13.0,9.0,38.0,4.0,3.0,17.0,17.0
0022300930,1610612751.0,Brooklyn,Nets,BKN,nets,240:00,13.0,13.0,9.0,38.0,18.0,8.0,15.0,40.0,3.0,4.0,17.0,17.0
0022300913,1610612763.0,Memphis,Grizzlies,MEM,grizzlies,240:00,21.0,10.0,9.0,38.0,15.0,14.0,4.0,32.0,11.0,5.0,19.0,20.0
0022300913,1610612737.0,Atlanta,Hawks,ATL,hawks,240:00,15.0,14.0,4.0,32.0,21.0,10.0,9.0,38.0,5.0,11.0,20.0,19.0
0022300929,1610612758.0,Sacramento,Kings,SAC,kings,240:00,16.0,9.0,15.0,56.0,15.0,5.0,10.0,46.0,5.0,1.0,20.0,18.0
0022300929,1610612745.0,Houston,Rockets,HOU,rockets,240:00,15.0,5.0,10.0,46.0,16.0,9.0,15.0,56.0,1.0,5.0,18.0,20.0
0022300915,1610612747.0,Los Angeles,Lakers,LAL,lakers,240:00,6.0,8.0,7.0,56.0,6.0,10.0,9.0,50.0,7.0,2.0,16.0,17.0
0022300915,1610612749.0,Milwaukee,Bucks,MIL,bucks,240:00,6.0,10.0,9.0,50.0,6.0,8.0,7.0,56.0,2.0,7.0,17.0,16.0
0022300906,1610612743.0,Denver,Nuggets,DEN,nuggets,240:00,16.0,8.0,19.0,66.0,6.0,11.0,11.0,54.0,4.0,3.0,19.0,18.0
0022300906,1610612738.0,Boston,Celtics,BOS,celtics,240:00,6.0,11.0,11.0,54.0,16.0,8.0,19.0,66.0,3.0,4.0,18.0,19.0
0022300931,1610612760.0,Oklahoma City,Thunder,OKC,thunder,240:00,22.0,9.0,19.0,46.0,11.0,14.0,8.0,40.0,6.0,4.0,18.0,14.0
0022300931,1610612763.0,Memphis,Grizzlies,MEM,grizzlies,240:00,11.0,14.0,8.0,40.0,22.0,9.0,19.0,46.0,4.0,6.0,14.0,18.0
0022300922,1610612743.0,Denver,Nuggets,DEN,nuggets,240:00,25.0,6.0,30.0,56.0,12.0,19.0,13.0,70.0,10.0,2.0,22.0,15.0
0022300922,1610612762.0,Utah,Jazz,UTA,jazz,240:00,12.0,19.0,13.0,70.0,25.0,6.0,30.0,56.0,2.0,10.0,15.0,22.0
0022300932,1610612747.0,Los Angeles,Lakers,LAL,lakers,240:00,11.0,8.0,14.0,64.0,28.0,12.0,13.0,44.0,4.0,6.0,12.0,18.0
0022300932,1610612750.0,Minnesota,Timberwolves,MIN,timberwolves,240:00,28.0,12.0,13.0,44.0,11.0,8.0,14.0,64.0,6.0,4.0,18.0,12.0
0022300924,1610612746.0,LA,Clippers,LAC,clippers,240:00,8.0,17.0,22.0,58.0,15.0,11.0,14.0,40.0,9.0,6.0,23.0,15.0
0022300924,1610612749.0,Milwaukee,Bucks,MIL,bucks,240:00,15.0,11.0,14.0,40.0,8.0,17.0,22.0,58.0,6.0,9.0,15.0,23.0
0022300926,1610612748.0,Miami,Heat,MIA,heat,240:00,12.0,13.0,14.0,62.0,13.0,7.0,13.0,40.0,6.0,5.0,18.0,18.0
0022300926,1610612764.0,Washington,Wizards,WAS,wizards,240:00,13.0,7.0,13.0,40.0,12.0,13.0,14.0,62.0,5.0,6.0,18.0,18.0
0022300911,1610612739.0,Cleveland,Cavaliers,CLE,cavaliers,265:00,12.0,12.0,6.0,48.0,13.0,14.0,10.0,44.0,8.0,5.0,20.0,25.0
0022300911,1610612750.0,Minnesota,Timberwolves,MIN,timberwolves,265:00,13.0,14.0,10.0,44.0,12.0,12.0,6.0,48.0,5.0,8.0,25.0,20.0
0022300916,1610612757.0,Portland,Trail Blazers,POR,blazers,240:00,11.0,15.0,18.0,40.0,27.0,17.0,37.0,54.0,5.0,10.0,16.0,15.0
0022300916,1610612745.0,Houston,Rockets,HOU,rockets,240:00,27.0,17.0,37.0,54.0,11.0,15.0,18.0,40.0,10.0,5.0,15.0,16.0
0022300918,1610612766.0,Charlotte,Hornets,CHA,hornets,240:00,11.0,11.0,26.0,56.0,10.0,13.0,10.0,38.0,3.0,2.0,18.0,14.0
0022300918,1610612751.0,Brooklyn,Nets,BKN,nets,240:00,10.0,13.0,10.0,38.0,11.0,11.0,26.0,56.0,2.0,3.0,14.0,18.0
0022300917,1610612746.0,LA,Clippers,LAC,clippers,240:00,17.0,18.0,13.0,52.0,14.0,13.0,13.0,36.0,6.0,3.0,20.0,19.0
0022300917,1610612741.0,Chicago,Bulls,CHI,bulls,240:00,14.0,13.0,13.0,36.0,17.0,18.0,13.0,52.0,3.0,6.0,19.0,20.0
0022300907,1610612744.0,Golden State,Warriors,GSW,warriors,240:00,22.0,23.0,16.0,58.0,13.0,5.0,8.0,40.0,2.0,5.0,22.0,22.0
0022300907,1610612741.0,Chicago,Bulls,CHI,bulls,240:00,13.0,5.0,8.0,40.0,22.0,23.0,16.0,58.0,5.0,2.0,22.0,22.0
0022300928,1610612753.0,Orlando,Magic,ORL,magic,240:00,10.0,14.0,0.0,46.0,21.0,5.0,27.0,54.0,3.0,10.0,27.0,21.0
0022300928,1610612754.0,Indiana,Pacers,IND,pacers,240:00,21.0,5.0,27.0,54.0,10.0,14.0,0.0,46.0,10.0,3.0,21.0,27.0
0022300912,1610612752.0,New York,Knicks,NYK,knicks,240:00,2.0,14.0,9.0,36.0,8.0,7.0,7.0,26.0,10.0,10.0,14.0,12.0
0022300912,1610612753.0,Orlando,Magic,ORL,magic,240:00,8.0,7.0,7.0,26.0,2.0,14.0,9.0,36.0,10.0,10.0,12.0,14.0
0022300905,1610612756.0,Phoenix,Suns,PHX,suns,240:00,11.0,19.0,11.0,40.0,27.0,9.0,15.0,48.0,6.0,2.0,16.0,20.0
0022300905,1610612761.0,Toronto,Raptors,TOR,raptors,240:00,27.0,9.0,15.0,48.0,11.0,19.0,11.0,40.0,2.0,6.0,20.0,16.0
0022300903,1610612754.0,Indiana,Pacers,IND,pacers,240:00,17.0,14.0,16.0,60.0,14.0,21.0,11.0,66.0,10.0,6.0,24.0,20.0
0022300903,1610612750.0,Minnesota,Timberwolves,MIN,timberwolves,240:00,14.0,21.0,11.0,66.0,17.0,14.0,16.0,60.0,6.0,10.0,20.0,24.0
0022300904,1610612742.0,Dallas,Mavericks,DAL,mavericks,240:00,15.0,16.0,19.0,38.0,10.0,5.0,12.0,40.0,6.0,2.0,16.0,20.0
0022300904,1610612748.0,Miami,Heat,MIA,heat,240:00,10.0,5.0,12.0,40.0,15.0,16.0,19.0,38.0,2.0,6.0,20.0,16.0
0022300920,1610612756.0,Phoenix,Suns,PHX,suns,240:00,8.0,8.0,12.0,56.0,16.0,17.0,7.0,60.0,1.0,4.0,14.0,12.0
0022300920,1610612738.0,Boston,Celtics,BOS,celtics,240:00,16.0,17.0,7.0,60.0,8.0,8.0,12.0,56.0,4.0,1.0,12.0,14.0
0022300914,1610612760.0,Oklahoma City,Thunder,OKC,thunder,240:00,18.0,23.0,12.0,46.0,10.0,5.0,8.0,48.0,8.0,5.0,16.0,16.0
0022300914,1610612748.0,Miami,Heat,MIA,heat,240:00,10.0,5.0,8.0,48.0,18.0,23.0,12.0,46.0,5.0,8.0,16.0,16.0
0022300923,1610612757.0,Portland,Trail Blazers,POR,blazers,265:00,22.0,17.0,11.0,54.0,26.0,17.0,20.0,44.0,3.0,6.0,18.0,18.0
0022300923,1610612761.0,Toronto,Raptors,TOR,raptors,265:00,26.0,17.0,20.0,44.0,22.0,17.0,11.0,54.0,6.0,3.0,18.0,18.0
0022300921,1610612744.0,Golden State,Warriors,GSW,warriors,240:00,12.0,17.0,9.0,58.0,18.0,17.0,12.0,48.0,7.0,6.0,24.0,22.0
0022300921,1610612759.0,San Antonio,Spurs,SAS,spurs,240:00,18.0,17.0,12.0,48.0,12.0,17.0,9.0,58.0,6.0,7.0,22.0,24.0
0022300925,1610612737.0,Atlanta,Hawks,ATL,hawks,240:00,18.0,15.0,15.0,38.0,21.0,8.0,18.0,56.0,4.0,7.0,15.0,10.0
0022300925,1610612740.0,New Orleans,Pelicans,NOP,pelicans,240:00,21.0,8.0,18.0,56.0,18.0,15.0,15.0,38.0,7.0,4.0,10.0,15.0
0022300902,1610612765.0,Detroit,Pistons,DET,pistons,240:00,16.0,23.0,12.0,56.0,27.0,9.0,9.0,42.0,4.0,4.0,18.0,17.0
0022300902,1610612751.0,Brooklyn,Nets,BKN,nets,240:00,27.0,9.0,9.0,42.0,16.0,23.0,12.0,56.0,4.0,4.0,17.0,18.0
0022300919,1610612765.0,Detroit,Pistons,DET,pistons,240:00,18.0,21.0,10.0,56.0,35.0,12.0,10.0,56.0,4.0,8.0,26.0,18.0
0022300919,1610612742.0,Dallas,Mavericks,DAL,mavericks,240:00,35.0,12.0,10.0,56.0,18.0,21.0,10.0,56.0,8.0,4.0,18.0,26.0
0022300909,1610612755.0,Philadelphia,76ers,PHI,sixers,240:00,16.0,9.0,14.0,42.0,15.0,6.0,17.0,38.0,7.0,10.0,19.0,18.0
0022300909,1610612740.0,New Orleans,Pelicans,NOP,pelicans,240:00,15.0,6.0,17.0,38.0,16.0,9.0,14.0,42.0,10.0,7.0,18.0,19.0
0022300910,1610612764.0,Washington,Wizards,WAS,wizards,240:00,9.0,8.0,10.0,66.0,13.0,19.0,9.0,48.0,11.0,5.0,20.0,19.0
0022300910,1610612766.0,Charlotte,Hornets,CHA,hornets,240:00,13.0,19.0,9.0,48.0,9.0,8.0,10.0,66.0,5.0,11.0,19.0,20.0
0022300927,1610612752.0,New York,Knicks,NYK,knicks,240:00,19.0,15.0,5.0,30.0,17.0,8.0,6.0,34.0,5.0,5.0,14.0,18.0
0022300927,1610612755.0,Philadelphia,76ers,PHI,sixers,240:00,17.0,8.0,6.0,34.0,19.0,15.0,5.0,30.0,5.0,5.0,18.0,14.0
0022300908,1610612758.0,Sacramento,Kings,SAC,kings,240:00,16.0,16.0,15.0,76.0,27.0,6.0,9.0,52.0,3.0,4.0,15.0,20.0
0022300908,1610612759.0,San Antonio,Spurs,SAS,spurs,240:00,27.0,6.0,9.0,52.0,16.0,16.0,15.0,76.0,4.0,3.0,20.0,15.0
0022300934,1610612739.0,Cleveland,Cavaliers,CLE,cavaliers,240:00,20.0,7.0,14.0,44.0,16.0,13.0,20.0,34.0,0.0,6.0,18.0,18.0
0022300934,1610612756.0,Phoenix,Suns,PHX,suns,240:00,16.0,13.0,20.0,34.0,20.0,7.0,14.0,44.0,6.0,0.0,18.0,18.0
0022300936,1610612759.0,San Antonio,Spurs,SAS,spurs,240:00,9.0,13.0,10.0,48.0,28.0,15.0,11.0,52.0,10.0,4.0,15.0,19.0
0022300936,1610612744.0,Golden State,Warriors,GSW,warriors,240:00,28.0,15.0,11.0,52.0,9.0,13.0,10.0,48.0,4.0,10.0,19.0,15.0
0022300935,1610612741.0,Chicago,Bulls,CHI,bulls,240:00,10.0,23.0,13.0,50.0,16.0,19.0,14.0,62.0,2.0,6.0,12.0,17.0
0022300935,1610612742.0,Dallas,Mavericks,DAL,mavericks,240:00,16.0,19.0,14.0,62.0,10.0,23.0,13.0,50.0,6.0,2.0,17.0,12.0
0022300938,1610612757.0,Portland,Trail Blazers,POR,blazers,240:00,4.0,15.0,6.0,44.0,19.0,17.0,23.0,60.0,5.0,10.0,11.0,11.0
0022300938,1610612738.0,Boston,Celtics,BOS,celtics,240:00,19.0,17.0,23.0,60.0,4.0,15.0,6.0,44.0,10.0,5.0,11.0,11.0
0022300937,1610612743.0,Denver,Nuggets,DEN,nuggets,240:00,19.0,11.0,21.0,66.0,8.0,20.0,19.0,66.0,8.0,4.0,14.0,16.0
0022300937,1610612761.0,Toronto,Raptors,TOR,raptors,240:00,8.0,20.0,19.0,66.0,19.0,11.0,21.0,66.0,4.0,8.0,16.0,14.0
0022300933,1610612765.0,Detroit,Pistons,DET,pistons,240:00,25.0,17.0,25.0,56.0,9.0,12.0,4.0,40.0,5.0,2.0,19.0,16.0
0022300933,1610612766.0,Charlotte,Hornets,CHA,hornets,240:00,9.0,12.0,4.0,40.0,25.0,17.0,25.0,56.0,2.0,5.0,16.0,19.0
0022300945,1610612758.0,Sacramento,Kings,SAC,kings,240:00,14.0,14.0,18.0,54.0,9.0,14.0,5.0,42.0,1.0,2.0,26.0,18.0
0022300945,1610612749.0,Milwaukee,Bucks,MIL,bucks,240:00,9.0,14.0,5.0,42.0,14.0,14.0,18.0,54.0,2.0,1.0,18.0,26.0
0022300939,1610612752.0,New York,Knicks,NYK,knicks,240:00,15.0,12.0,19.0,46.0,18.0,10.0,15.0,36.0,4.0,4.0,15.0,16.0
0022300939,1610612755.0,Philadelphia,76ers,PHI,sixers,240:00,18.0,10.0,15.0,36.0,15.0,12.0,19.0,46.0,4.0,4.0,16.0,15.0
0022300940,1610612763.0,Memphis,Grizzlies,MEM,grizzlies,240:00,18.0,23.0,10.0,66.0,23.0,2.0,18.0,50.0,7.0,3.0,19.0,18.0
0022300940,1610612764.0,Washington,Wizards,WAS,wizards,240:00,23.0,2.0,18.0,50.0,18.0,23.0,10.0,66.0,3.0,7.0,18.0,19.0
0022300944,1610612746.0,LA,Clippers,LAC,clippers,240:00,18.0,7.0,11.0,40.0,24.0,18.0,27.0,62.0,4.0,6.0,18.0,20.0
0022300944,1610612750.0,Minnesota,Timberwolves,MIN,timberwolves,240:00,24.0,18.0,27.0,62.0,18.0,7.0,11.0,40.0,6.0,4.0,20.0,18.0
0022300942,1610612759.0,San Antonio,Spurs,SAS,spurs,240:00,6.0,20.0,9.0,52.0,19.0,8.0,11.0,34.0,5.0,5.0,20.0,19.0
0022300942,1610612745.0,Houston,Rockets,HOU,rockets,240:00,19.0,8.0,11.0,34.0,6.0,20.0,9.0,52.0,5.0,5.0,19.0,20.0
0022300943,1610612762.0,Utah,Jazz,UTA,jazz,240:00,8.0,10.0,7.0,40.0,16.0,22.0,14.0,44.0,7.0,8.0,18.0,14.0
0022300943,1610612738.0,Boston,Celtics,BOS,celtics,240:00,16.0,22.0,14.0,44.0,8.0,10.0,7.0,40.0,8.0,7.0,14.0,18.0
0022300941,1610612760.0,Oklahoma City,Thunder,OKC,thunder,240:00,9.0,17.0,3.0,52.0,13.0,8.0,23.0,72.0,4.0,10.0,16.0,11.0
0022300941,1610612754.0,Indiana,Pacers,IND,pacers,240:00,13.0,8.0,23.0,72.0,9.0,17.0,3.0,52.0,10.0,4.0,11.0,16.0
0022300948,1610612754.0,Indiana,Pacers,IND,pacers,265:00,15.0,11.0,10.0,58.0,16.0,8.0,12.0,58.0,6.0,5.0,25.0,21.0
0022300948,1610612741.0,Chicago,Bulls,CHI,bulls,265:00,16.0,8.0,12.0,58.0,15.0,11.0,10.0,58.0,5.0,6.0,21.0,25.0
0022300952,1610612742.0,Dallas,Mavericks,DAL,mavericks,240:00,21.0,6.0,22.0,68.0,11.0,15.0,8.0,48.0,13.0,3.0,16.0,20.0
0022300952,1610612744.0,Golden State,Warriors,GSW,warriors,240:00,11.0,15.0,8.0,48.0,21.0,6.0,22.0,68.0,3.0,13.0,20.0,16.0
0022300946,1610612765.0,Detroit,Pistons,DET,pistons,240:00,15.0,14.0,13.0,48.0,16.0,2.0,24.0,64.0,7.0,8.0,21.0,20.0
0022300946,1610612761.0,Toronto,Raptors,TOR,raptors,240:00,16.0,2.0,24.0,64.0,15.0,14.0,13.0,48.0,8.0,7.0,20.0,21.0
0022300947,1610612753.0,Orlando,Magic,ORL,magic,240:00,12.0,8.0,13.0,38.0,10.0,16.0,14.0,46.0,6.0,4.0,20.0,19.0
0022300947,1610612751.0,Brooklyn,Nets,BKN,nets,240:00,10.0,16.0,14.0,46.0,12.0,8.0,13.0,38.0,4.0,6.0,19.0,20.0
0022300950,1610612763.0,Memphis,Grizzlies,MEM,grizzlies,240:00,21.0,17.0,20.0,38.0,31.0,11.0,20.0,58.0,5.0,7.0,19.0,11.0
0022300950,1610612766.0,Charlotte,Hornets,CHA,hornets,240:00,31.0,11.0,20.0,58.0,21.0,17.0,20.0,38.0,7.0,5.0,11.0,19.0
0022300953,1610612757.0,Portland,Trail Blazers,POR,blazers,240:00,18.0,15.0,21.0,48.0,22.0,20.0,14.0,40.0,5.0,6.0,21.0,23.0
0022300953,1610612737.0,Atlanta,Hawks,ATL,hawks,240:00,22.0,20.0,14.0,40.0,18.0,15.0,21.0,48.0,6.0,5.0,23.0,21.0
0022300954,1610612758.0,Sacramento,Kings,SAC,kings,240:00,13.0,16.0,16.0,38.0,17.0,4.0,6.0,46.0,2.0,2.0,19.0,12.0
0022300954,1610612747.0,Los Angeles,Lakers,LAL,lakers,240:00,17.0,4.0,6.0,46.0,13.0,16.0,16.0,38.0,2.0,2.0,12.0,19.0
0022300951,1610612740.0,New Orleans,Pelicans,NOP,pelicans,240:00,11.0,9.0,29.0,56.0,13.0,3.0,26.0,52.0,6.0,4.0,13.0,18.0
0022300951,1610612739.0,Cleveland,Cavaliers,CLE,cavaliers,240:00,13.0,3.0,26.0,52.0,11.0,9.0,29.0,56.0,4.0,6.0,18.0,13.0
0022300949,1610612748.0,Miami,Heat,MIA,heat,240:00,10.0,10.0,11.0,52.0,15.0,10.0,9.0,42.0,2.0,2.0,13.0,13.0
0022300949,1610612743.0,Denver,Nuggets,DEN,nuggets,240:00,15.0,10.0,9.0,42.0,10.0,10.0,11.0,52.0,2.0,2.0,13.0,13.0
0022300962,1610612765.0,Detroit,Pistons,DET,pistons,240:00,12.0,9.0,11.0,38.0,33.0,10.0,18.0,64.0,2.0,6.0,16.0,16.0
0022300962,1610612748.0,Miami,Heat,MIA,heat,240:00,33.0,10.0,18.0,64.0,12.0,9.0,11.0,38.0,6.0,2.0,16.0,16.0
0022300969,1610612755.0,Philadelphia,76ers,PHI,sixers,240:00,19.0,13.0,21.0,42.0,19.0,14.0,7.0,50.0,4.0,4.0,23.0,21.0
0022300969,1610612766.0,Charlotte,Hornets,CHA,hornets,240:00,19.0,14.0,7.0,50.0,19.0,13.0,21.0,42.0,4.0,4.0,21.0,23.0
0022300960,1610612757.0,Portland,Trail Blazers,POR,blazers,240:00,19.0,13.0,22.0,34.0,23.0,16.0,19.0,58.0,2.0,1.0,19.0,18.0
0022300960,1610612752.0,New York,Knicks,NYK,knicks,240:00,23.0,16.0,19.0,58.0,19.0,13.0,22.0,34.0,1.0,2.0,18.0,19.0
0022300965,1610612759.0,San Antonio,Spurs,SAS,spurs,240:00,15.0,16.0,15.0,44.0,27.0,14.0,18.0,64.0,4.0,5.0,13.0,20.0
0022300965,1610612743.0,Denver,Nuggets,DEN,nuggets,240:00,27.0,14.0,18.0,64.0,15.0,16.0,15.0,44.0,5.0,4.0,20.0,13.0
0022300974,1610612762.0,Utah,Jazz,UTA,jazz,240:00,8.0,17.0,13.0,56.0,17.0,2.0,19.0,46.0,5.0,6.0,14.0,16.0
0022300974,1610612750.0,Minnesota,Timberwolves,MIN,timberwolves,240:00,17.0,2.0,19.0,46.0,8.0,17.0,13.0,56.0,6.0,5.0,16.0,14.0
0022300961,1610612766.0,Charlotte,Hornets,CHA,hornets,240:00,13.0,9.0,16.0,46.0,9.0,14.0,8.0,44.0,3.0,3.0,16.0,20.0
0022300961,1610612756.0,Phoenix,Suns,PHX,suns,240:00,9.0,14.0,8.0,44.0,13.0,9.0,16.0,46.0,3.0,3.0,20.0,16.0
0022300966,1610612762.0,Utah,Jazz,UTA,jazz,240:00,18.0,16.0,24.0,56.0,18.0,15.0,13.0,34.0,7.0,5.0,21.0,16.0
0022300966,1610612737.0,Atlanta,Hawks,ATL,hawks,240:00,18.0,15.0,13.0,34.0,18.0,16.0,24.0,56.0,5.0,7.0,16.0,21.0
0022300959,1610612760.0,Oklahoma City,Thunder,OKC,thunder,240:00,34.0,23.0,18.0,42.0,20.0,21.0,9.0,52.0,7.0,2.0,24.0,20.0
0022300959,1610612742.0,Dallas,Mavericks,DAL,mavericks,240:00,20.0,21.0,9.0,52.0,34.0,23.0,18.0,42.0,2.0,7.0,20.0,24.0
0022300968,1610612754.0,Indiana,Pacers,IND,pacers,240:00,30.0,30.0,21.0,82.0,16.0,12.0,12.0,42.0,4.0,3.0,23.0,18.0
0022300968,1610612751.0,Brooklyn,Nets,BKN,nets,240:00,16.0,12.0,12.0,42.0,30.0,30.0,21.0,82.0,3.0,4.0,18.0,23.0
0022300956,1610612741.0,Chicago,Bulls,CHI,bulls,240:00,12.0,18.0,5.0,42.0,15.0,14.0,7.0,38.0,2.0,2.0,14.0,16.0
0022300956,1610612746.0,LA,Clippers,LAC,clippers,240:00,15.0,14.0,7.0,38.0,12.0,18.0,5.0,42.0,2.0,2.0,16.0,14.0
0022300964,1610612740.0,New Orleans,Pelicans,NOP,pelicans,240:00,12.0,9.0,12.0,58.0,5.0,5.0,12.0,36.0,2.0,8.0,21.0,17.0
0022300964,1610612746.0,LA,Clippers,LAC,clippers,240:00,5.0,5.0,12.0,36.0,12.0,9.0,12.0,58.0,8.0,2.0,17.0,21.0
0022300955,1610612738.0,Boston,Celtics,BOS,celtics,240:00,18.0,11.0,24.0,40.0,6.0,24.0,8.0,50.0,5.0,3.0,13.0,12.0
0022300955,1610612756.0,Phoenix,Suns,PHX,suns,240:00,6.0,24.0,8.0,50.0,18.0,11.0,24.0,40.0,3.0,5.0,12.0,13.0
0022300971,1610612741.0,Chicago,Bulls,CHI,bulls,240:00,22.0,16.0,21.0,68.0,25.0,7.0,14.0,46.0,4.0,7.0,16.0,21.0
0022300971,1610612764.0,Washington,Wizards,WAS,wizards,240:00,25.0,7.0,14.0,46.0,22.0,16.0,21.0,68.0,7.0,4.0,21.0,16.0
0022300967,1610612745.0,Houston,Rockets,HOU,rockets,240:00,16.0,16.0,21.0,56.0,11.0,8.0,18.0,46.0,7.0,7.0,19.0,12.0
0022300967,1610612739.0,Cleveland,Cavaliers,CLE,cavaliers,240:00,11.0,8.0,18.0,46.0,16.0,16.0,21.0,56.0,7.0,7.0,12.0,19.0
0022300972,1610612763.0,Memphis,Grizzlies,MEM,grizzlies,240:00,14.0,9.0,7.0,36.0,18.0,11.0,20.0,44.0,4.0,8.0,20.0,19.0
0022300972,1610612760.0,Oklahoma City,Thunder,OKC,thunder,240:00,18.0,11.0,20.0,44.0,14.0,9.0,7.0,36.0,8.0,4.0,19.0,20.0
0022300957,1610612745.0,Houston,Rockets,HOU,rockets,240:00,19.0,15.0,25.0,70.0,17.0,7.0,10.0,58.0,1.0,2.0,19.0,19.0
0022300957,1610612764.0,Washington,Wizards,WAS,wizards,240:00,17.0,7.0,10.0,58.0,19.0,15.0,25.0,70.0,2.0,1.0,19.0,19.0
0022300973,1610612747.0,Los Angeles,Lakers,LAL,lakers,240:00,7.0,14.0,8.0,54.0,14.0,10.0,9.0,62.0,4.0,4.0,13.0,19.0
0022300973,1610612744.0,Golden State,Warriors,GSW,warriors,240:00,14.0,10.0,9.0,62.0,7.0,14.0,8.0,54.0,4.0,4.0,19.0,13.0
0022300970,1610612740.0,New Orleans,Pelicans,NOP,pelicans,240:00,31.0,13.0,18.0,58.0,13.0,18.0,12.0,48.0,5.0,7.0,13.0,15.0
0022300970,1610612757.0,Portland,Trail Blazers,POR,blazers,240:00,13.0,18.0,12.0,48.0,31.0,13.0,18.0,58.0,7.0,5.0,15.0,13.0
0022300975,1610612758.0,Sacramento,Kings,SAC,kings,240:00,13.0,12.0,12.0,36.0,13.0,7.0,12.0,44.0,5.0,9.0,20.0,21.0
0022300975,1610612752.0,New York,Knicks,NYK,knicks,240:00,13.0,7.0,12.0,44.0,13.0,12.0,12.0,36.0,9.0,5.0,21.0,20.0
0022300958,1610612749.0,Milwaukee,Bucks,MIL,bucks,240:00,12.0,12.0,4.0,38.0,23.0,4.0,5.0,34.0,4.0,4.0,14.0,18.0
0022300958,1610612755.0,Philadelphia,76ers,PHI,sixers,240:00,23.0,4.0,5.0,34.0,12.0,12.0,4.0,38.0,4.0,4.0,18.0,14.0
0022300963,1610612761.0,Toronto,Raptors,TOR,raptors,240:00,20.0,13.0,37.0,42.0,23.0,7.0,13.0,52.0,4.0,4.0,24.0,15.0
0022300963,1610612753.0,Orlando,Magic,ORL,magic,240:00,23.0,7.0,13.0,52.0,20.0,13.0,37.0,42.0,4.0,4.0,15.0,24.0
0022300979,1610612753.0,Orlando,Magic,ORL,magic,240:00,18.0,9.0,11.0,60.0,16.0,12.0,16.0,48.0,4.0,3.0,16.0,18.0
0022300979,1610612761.0,Toronto,Raptors,TOR,raptors,240:00,16.0,12.0,16.0,48.0,18.0,9.0,11.0,60.0,3.0,4.0,18.0,16.0
0022300978,1610612742.0,Dallas,Mavericks,DAL,mavericks,240:00,4.0,23.0,19.0,62.0,10.0,6.0,11.0,38.0,5.0,6.0,21.0,16.0
0022300978,1610612743.0,Denver,Nuggets,DEN,nuggets,240:00,10.0,6.0,11.0,38.0,4.0,23.0,19.0,62.0,6.0,5.0,16.0,21.0
0022300985,1610612755.0,Philadelphia,76ers,PHI,sixers,240:00,19.0,4.0,19.0,38.0,14.0,15.0,15.0,38.0,12.0,3.0,16.0,13.0
0022300985,1610612748.0,Miami,Heat,MIA,heat,240:00,14.0,15.0,15.0,38.0,19.0,4.0,19.0,38.0,3.0,12.0,13.0,16.0
0022300977,1610612765.0,Detroit,Pistons,DET,pistons,240:00,13.0,7.0,7.0,34.0,19.0,13.0,9.0,50.0,7.0,2.0,19.0,11.0
0022300977,1610612748.0,Miami,Heat,MIA,heat,240:00,19.0,13.0,9.0,50.0,13.0,7.0,7.0,34.0,2.0,7.0,11.0,19.0
0022300988,1610612744.0,Golden State,Warriors,GSW,warriors,240:00,15.0,19.0,15.0,50.0,12.0,17.0,12.0,50.0,5.0,1.0,16.0,17.0
0022300988,1610612752.0,New York,Knicks,NYK,knicks,240:00,12.0,17.0,12.0,50.0,15.0,19.0,15.0,50.0,1.0,5.0,17.0,16.0
0022300990,1610612747.0,Los Angeles,Lakers,LAL,lakers,240:00,12.0,6.0,23.0,68.0,7.0,14.0,15.0,58.0,4.0,5.0,15.0,14.0
0022300990,1610612737.0,Atlanta,Hawks,ATL,hawks,240:00,7.0,14.0,15.0,58.0,12.0,6.0,23.0,68.0,5.0,4.0,14.0,15.0
0022300987,1610612762.0,Utah,Jazz,UTA,jazz,240:00,13.0,22.0,12.0,42.0,27.0,10.0,16.0,46.0,3.0,9.0,13.0,15.0
0022300987,1610612750.0,Minnesota,Timberwolves,MIN,timberwolves,240:00,27.0,10.0,16.0,46.0,13.0,22.0,12.0,42.0,9.0,3.0,15.0,13.0
0022300982,1610612746.0,LA,Clippers,LAC,clippers,240:00,18.0,10.0,11.0,30.0,26.0,11.0,31.0,48.0,5.0,7.0,13.0,22.0
0022300982,1610612737.0,Atlanta,Hawks,ATL,hawks,240:00,26.0,11.0,31.0,48.0,18.0,10.0,11.0,30.0,7.0,5.0,22.0,13.0
0022300983,1610612754.0,Indiana,Pacers,IND,pacers,240:00,11.0,13.0,18.0,54.0,15.0,14.0,4.0,44.0,3.0,4.0,24.0,18.0
0022300983,1610612739.0,Cleveland,Cavaliers,CLE,cavaliers,240:00,15.0,14.0,4.0,44.0,11.0,13.0,18.0,54.0,4.0,3.0,18.0,24.0
0022300981,1610612759.0,San Antonio,Spurs,SAS,spurs,265:00,10.0,4.0,11.0,60.0,24.0,20.0,17.0,70.0,10.0,5.0,17.0,20.0
0022300981,1610612751.0,Brooklyn,Nets,BKN,nets,265:00,24.0,20.0,17.0,70.0,10.0,4.0,11.0,60.0,5.0,10.0,20.0,17.0
0022300989,1610612758.0,Sacramento,Kings,SAC,kings,265:00,19.0,17.0,19.0,50.0,27.0,23.0,8.0,48.0,10.0,7.0,25.0,23.0
0022300989,1610612763.0,Memphis,Grizzlies,MEM,grizzlies,265:00,27.0,23.0,8.0,48.0,19.0,17.0,19.0,50.0,7.0,10.0,23.0,25.0
0022300984,1610612738.0,Boston,Celtics,BOS,celtics,240:00,12.0,17.0,19.0,40.0,13.0,13.0,16.0,48.0,8.0,3.0,9.0,15.0
0022300984,1610612765.0,Detroit,Pistons,DET,pistons,240:00,13.0,13.0,16.0,48.0,12.0,17.0,19.0,40.0,3.0,8.0,15.0,9.0
0022300980,1610612764.0,Washington,Wizards,WAS,wizards,240:00,11.0,15.0,8.0,54.0,22.0,22.0,18.0,36.0,5.0,6.0,20.0,17.0
0022300980,1610612738.0,Boston,Celtics,BOS,celtics,240:00,22.0,22.0,18.0,36.0,11.0,15.0,8.0,54.0,6.0,5.0,17.0,20.0
0022300976,1610612749.0,Milwaukee,Bucks,MIL,bucks,240:00,24.0,13.0,14.0,30.0,16.0,3.0,15.0,58.0,2.0,5.0,12.0,16.0
0022300976,1610612756.0,Phoenix,Suns,PHX,suns,240:00,16.0,3.0,15.0,58.0,24.0,13.0,14.0,30.0,5.0,2.0,16.0,12.0
0022300986,1610612741.0,Chicago,Bulls,CHI,bulls,240:00,19.0,18.0,15.0,48.0,9.0,11.0,21.0,56.0,5.0,5.0,21.0,24.0
0022300986,1610612757.0,Portland,Trail Blazers,POR,blazers,240:00,9.0,11.0,21.0,56.0,19.0,18.0,15.0,48.0,5.0,5.0,24.0,21.0
0022300991,1610612753.0,Orlando,Magic,ORL,magic,240:00,22.0,12.0,18.0,60.0,16.0,4.0,8.0,44.0,6.0,1.0,10.0,13.0
0022300991,1610612766.0,Charlotte,Hornets,CHA,hornets,240:00,16.0,4.0,8.0,44.0,22.0,12.0,18.0,60.0,1.0,6.0,13.0,10.0
0022300994,1610612759.0,San Antonio,Spurs,SAS,spurs,240:00,10.0,9.0,14.0,42.0,19.0,8.0,10.0,52.0,10.0,3.0,14.0,18.0
0022300994,1610612742.0,Dallas,Mavericks,DAL,mavericks,240:00,19.0,8.0,10.0,52.0,10.0,9.0,14.0,42.0,3.0,10.0,18.0,14.0
0022300993,1610612751.0,Brooklyn,Nets,BKN,nets,240:00,14.0,21.0,12.0,32.0,17.0,19.0,16.0,52.0,4.0,5.0,13.0,19.0
0022300993,1610612740.0,New Orleans,Pelicans,NOP,pelicans,240:00,17.0,19.0,16.0,52.0,14.0,21.0,12.0,32.0,5.0,4.0,19.0,13.0
0022300995,1610612750.0,Minnesota,Timberwolves,MIN,timberwolves,240:00,28.0,14.0,9.0,48.0,14.0,19.0,15.0,52.0,7.0,1.0,16.0,19.0
0022300995,1610612743.0,Denver,Nuggets,DEN,nuggets,240:00,14.0,19.0,15.0,52.0,28.0,14.0,9.0,48.0,1.0,7.0,19.0,16.0
0022300992,1610612764.0,Washington,Wizards,WAS,wizards,240:00,12.0,24.0,13.0,52.0,18.0,16.0,11.0,54.0,2.0,11.0,27.0,15.0
0022300992,1610612745.0,Houston,Rockets,HOU,rockets,240:00,18.0,16.0,11.0,54.0,12.0,24.0,13.0,52.0,11.0,2.0,15.0,27.0
0022300996,1610612739.0,Cleveland,Cavaliers,CLE,cavaliers,240:00,14.0,13.0,4.0,36.0,18.0,12.0,6.0,38.0,2.0,2.0,19.0,20.0
0022300996,1610612748.0,Miami,Heat,MIA,heat,240:00,18.0,12.0,6.0,38.0,14.0,13.0,4.0,36.0,2.0,2.0,20.0,19.0
0022300998,1610612738.0,Boston,Celtics,BOS,celtics,240:00,16.0,14.0,13.0,28.0,13.0,17.0,4.0,38.0,5.0,6.0,18.0,25.0
0022300998,1610612749.0,Milwaukee,Bucks,MIL,bucks,240:00,13.0,17.0,4.0,38.0,16.0,14.0,13.0,28.0,6.0,5.0,25.0,18.0
0022301003,1610612757.0,Portland,Trail Blazers,POR,blazers,240:00,15.0,8.0,16.0,40.0,26.0,12.0,18.0,50.0,4.0,7.0,16.0,13.0
0022301003,1610612746.0,LA,Clippers,LAC,clippers,240:00,26.0,12.0,18.0,50.0,15.0,8.0,16.0,40.0,7.0,4.0,13.0,16.0
0022300997,1610612765.0,Detroit,Pistons,DET,pistons,240:00,7.0,13.0,11.0,54.0,24.0,3.0,25.0,70.0,1.0,6.0,14.0,16.0
0022300997,1610612754.0,Indiana,Pacers,IND,pacers,240:00,24.0,3.0,25.0,70.0,7.0,13.0,11.0,54.0,6.0,1.0,16.0,14.0
0022301001,1610612744.0,Golden State,Warriors,GSW,warriors,240:00,22.0,20.0,20.0,62.0,5.0,27.0,3.0,46.0,5.0,3.0,17.0,15.0
0022301001,1610612763.0,Memphis,Grizzlies,MEM,grizzlies,240:00,5.0,27.0,3.0,46.0,22.0,20.0,20.0,62.0,3.0,5.0,15.0,17.0
0022301002,1610612756.0,Phoenix,Suns,PHX,suns,240:00,8.0,16.0,10.0,36.0,29.0,12.0,16.0,50.0,12.0,7.0,18.0,12.0
0022301002,1610612755.0,Philadelphia,76ers,PHI,sixers,240:00,29.0,12.0,16.0,50.0,8.0,16.0,10.0,36.0,7.0,12.0,12.0,18.0
0022301000,1610612760.0,Oklahoma City,Thunder,OKC,thunder,240:00,19.0,18.0,35.0,56.0,9.0,14.0,8.0,54.0,7.0,5.0,16.0,22.0
0022301000,1610612762.0,Utah,Jazz,UTA,jazz,240:00,9.0,14.0,8.0,54.0,19.0,18.0,35.0,56.0,5.0,7.0,22.0,16.0
0022300999,1610612761.0,Toronto,Raptors,TOR,raptors,240:00,17.0,4.0,20.0,38.0,33.0,28.0,36.0,68.0,3.0,6.0,15.0,16.0
0022300999,1610612758.0,Sacramento,Kings,SAC,kings,240:00,33.0,28.0,36.0,68.0,17.0,4.0,20.0,38.0,6.0,3.0,16.0,15.0
0022301018,1610612747.0,Los Angeles,Lakers,LAL,lakers,240:00,8.0,9.0,7.0,38.0,27.0,16.0,20.0,42.0,7.0,7.0,16.0,23.0
0022301018,1610612755.0,Philadelphia,76ers,PHI,sixers,240:00,27.0,16.0,20.0,42.0,8.0,9.0,7.0,38.0,7.0,7.0,23.0,16.0
0022301023,1610612741.0,Chicago,Bulls,CHI,bulls,240:00,14.0,2.0,17.0,54.0,11.0,23.0,8.0,38.0,3.0,3.0,18.0,9.0
0022301023,1610612738.0,Boston,Celtics,BOS,celtics,240:00,11.0,23.0,8.0,38.0,14.0,2.0,17.0,54.0,3.0,3.0,9.0,18.0
0022301008,1610612742.0,Dallas,Mavericks,DAL,mavericks,240:00,19.0,7.0,27.0,62.0,14.0,7.0,10.0,60.0,3.0,3.0,20.0,23.0
0022301008,1610612762.0,Utah,Jazz,UTA,jazz,240:00,14.0,7.0,10.0,60.0,19.0,7.0,27.0,62.0,3.0,3.0,23.0,20.0
0022301014,1610612750.0,Minnesota,Timberwolves,MIN,timberwolves,240:00,15.0,18.0,9.0,50.0,11.0,7.0,9.0,48.0,5.0,5.0,12.0,14.0
0022301014,1610612739.0,Cleveland,Cavaliers,CLE,cavaliers,240:00,11.0,7.0,9.0,48.0,15.0,18.0,9.0,50.0,5.0,5.0,14.0,12.0
0022301013,1610612748.0,Miami,Heat,MIA,heat,240:00,16.0,7.0,8.0,30.0,6.0,18.0,13.0,38.0,4.0,2.0,9.0,13.0
0022301013,1610612740.0,New Orleans,Pelicans,NOP,pelicans,240:00,6.0,18.0,13.0,38.0,16.0,7.0,8.0,30.0,2.0,4.0,13.0,9.0
0022301011,1610612765.0,Detroit,Pistons,DET,pistons,240:00,10.0,17.0,19.0,60.0,27.0,9.0,17.0,58.0,1.0,5.0,23.0,15.0
0022301011,1610612738.0,Boston,Celtics,BOS,celtics,240:00,27.0,9.0,17.0,58.0,10.0,17.0,19.0,60.0,5.0,1.0,15.0,23.0
0022301019,1610612752.0,New York,Knicks,NYK,knicks,240:00,19.0,26.0,18.0,48.0,16.0,3.0,5.0,34.0,4.0,6.0,15.0,15.0
0022301019,1610612751.0,Brooklyn,Nets,BKN,nets,240:00,16.0,3.0,5.0,34.0,19.0,26.0,18.0,48.0,6.0,4.0,15.0,15.0
0022301007,1610612749.0,Milwaukee,Bucks,MIL,bucks,240:00,23.0,17.0,13.0,44.0,11.0,16.0,20.0,46.0,4.0,1.0,17.0,12.0
0022301007,1610612751.0,Brooklyn,Nets,BKN,nets,240:00,11.0,16.0,20.0,46.0,23.0,17.0,13.0,44.0,1.0,4.0,12.0,17.0
0022301020,1610612753.0,Orlando,Magic,ORL,magic,240:00,13.0,7.0,10.0,56.0,19.0,7.0,26.0,32.0,3.0,5.0,20.0,19.0
0022301020,1610612758.0,Sacramento,Kings,SAC,kings,240:00,19.0,7.0,26.0,32.0,13.0,7.0,10.0,56.0,5.0,3.0,19.0,20.0
0022301009,1610612743.0,Denver,Nuggets,DEN,nuggets,240:00,13.0,17.0,16.0,66.0,15.0,8.0,7.0,46.0,4.0,6.0,14.0,18.0
0022301009,1610612752.0,New York,Knicks,NYK,knicks,240:00,15.0,8.0,7.0,46.0,13.0,17.0,16.0,66.0,6.0,4.0,18.0,14.0
0022301022,1610612764.0,Washington,Wizards,WAS,wizards,240:00,17.0,18.0,15.0,58.0,15.0,9.0,17.0,60.0,8.0,7.0,18.0,20.0
0022301022,1610612761.0,Toronto,Raptors,TOR,raptors,240:00,15.0,9.0,17.0,60.0,17.0,18.0,15.0,58.0,7.0,8.0,20.0,18.0
0022301024,1610612745.0,Houston,Rockets,HOU,rockets,240:00,17.0,18.0,30.0,50.0,12.0,18.0,17.0,58.0,3.0,4.0,26.0,11.0
0022301024,1610612762.0,Utah,Jazz,UTA,jazz,240:00,12.0,18.0,17.0,58.0,17.0,18.0,30.0,50.0,4.0,3.0,11.0,26.0
0022301017,1610612757.0,Portland,Trail Blazers,POR,blazers,240:00,25.0,19.0,21.0,62.0,9.0,6.0,19.0,52.0,1.0,8.0,19.0,21.0
0022301017,1610612746.0,LA,Clippers,LAC,clippers,240:00,9.0,6.0,19.0,52.0,25.0,19.0,21.0,62.0,8.0,1.0,21.0,19.0
0022301025,1610612759.0,San Antonio,Spurs,SAS,spurs,240:00,12.0,10.0,19.0,56.0,19.0,10.0,23.0,68.0,6.0,5.0,9.0,18.0
0022301025,1610612756.0,Phoenix,Suns,PHX,suns,240:00,19.0,10.0,23.0,68.0,12.0,10.0,19.0,56.0,5.0,6.0,18.0,9.0
0022301006,1610612745.0,Houston,Rockets,HOU,rockets,240:00,15.0,16.0,23.0,46.0,22.0,11.0,14.0,54.0,6.0,3.0,21.0,17.0
0022301006,1610612741.0,Chicago,Bulls,CHI,bulls,240:00,22.0,11.0,14.0,54.0,15.0,16.0,23.0,46.0,3.0,6.0,17.0,21.0
0022301016,1610612744.0,Golden State,Warriors,GSW,warriors,240:00,7.0,21.0,19.0,46.0,13.0,15.0,26.0,60.0,6.0,10.0,15.0,14.0
0022301016,1610612754.0,Indiana,Pacers,IND,pacers,240:00,13.0,15.0,26.0,60.0,7.0,21.0,19.0,46.0,10.0,6.0,14.0,15.0
0022301004,1610612753.0,Orlando,Magic,ORL,magic,240:00,25.0,20.0,15.0,62.0,20.0,5.0,21.0,54.0,4.0,1.0,16.0,18.0
0022301004,1610612740.0,New Orleans,Pelicans,NOP,pelicans,240:00,20.0,5.0,21.0,54.0,25.0,20.0,15.0,62.0,1.0,4.0,18.0,16.0
0022301012,1610612761.0,Toronto,Raptors,TOR,raptors,240:00,16.0,11.0,15.0,56.0,37.0,21.0,24.0,64.0,3.0,5.0,18.0,20.0
0022301012,1610612760.0,Oklahoma City,Thunder,OKC,thunder,240:00,37.0,21.0,24.0,64.0,16.0,11.0,15.0,56.0,5.0,3.0,20.0,18.0
0022301026,1610612757.0,Portland,Trail Blazers,POR,blazers,240:00,19.0,22.0,9.0,64.0,16.0,16.0,15.0,60.0,8.0,9.0,24.0,17.0
0022301026,1610612743.0,Denver,Nuggets,DEN,nuggets,240:00,16.0,16.0,15.0,60.0,19.0,22.0,9.0,64.0,9.0,8.0,17.0,24.0
0022301021,1610612737.0,Atlanta,Hawks,ATL,hawks,240:00,23.0,14.0,11.0,56.0,11.0,12.0,3.0,36.0,5.0,4.0,14.0,9.0
0022301021,1610612766.0,Charlotte,Hornets,CHA,hornets,240:00,11.0,12.0,3.0,36.0,23.0,14.0,11.0,56.0,4.0,5.0,9.0,14.0
0022301010,1610612756.0,Phoenix,Suns,PHX,suns,240:00,25.0,10.0,15.0,34.0,21.0,30.0,21.0,44.0,11.0,3.0,19.0,23.0
0022301010,1610612737.0,Atlanta,Hawks,ATL,hawks,240:00,21.0,30.0,21.0,44.0,25.0,10.0,15.0,34.0,3.0,11.0,23.0,19.0
0022301005,1610612764.0,Washington,Wizards,WAS,wizards,240:00,15.0,8.0,6.0,60.0,26.0,16.0,9.0,34.0,3.0,7.0,19.0,20.0
0022301005,1610612758.0,Sacramento,Kings,SAC,kings,240:00,26.0,16.0,9.0,34.0,15.0,8.0,6.0,60.0,7.0,3.0,20.0,19.0
0022301015,1610612759.0,San Antonio,Spurs,SAS,spurs,240:00,18.0,18.0,24.0,52.0,20.0,7.0,14.0,40.0,7.0,4.0,23.0,17.0
0022301015,1610612763.0,Memphis,Grizzlies,MEM,grizzlies,240:00,20.0,7.0,14.0,40.0,18.0,18.0,24.0,52.0,4.0,7.0,17.0,23.0
